x
-72.140337
-81.7339387
-82.8187
-94.2746191
-73.9493
-86.790709
-73.9482477
-75.534460
-77.0320505
-77.0334486
-122.649446
-73.9167841
-73.938049
-93.2591
-77.428364
-75.173431
-103.662538
-88.1622392
-82.8578732
-122.1569875
-95.714514
-75.181286
-73.994358
-111.8206049
-75.1722883
-75.19204
-79.048573
-84.181030
-88.425186
-86.002754
-74.783289
-76.611
-75.187167
-86.1575468
-119.754962
-119.7678
-77.5666043
-75.138654
-105.073
-86.0476
-75.224492
-73.985839
-75.228303
-87.5905914
-73.9757
-73.950090
-85.449944
-91.6626534
-73.946421
-73.9670120
-97.6117504
-111.9195223
-80.221052
-77.6277075
-84.2792304
-82.652159
-76.6123
-82.380242
-85.250365
-90.307145
-93.2629
-98.4866
-97.2139
-81.977094
-74.005280
-70.9369
-75.7746
-90.0389129
-106.565838
-75.0998
-68.9716
-92.0634
-75.4541
-91.492638
-80.263351
-71.47415
-70.9008560
-84.6767
-96.679869
-85.4889683
-85.297
-84.929569
-83.5667967
-77.230764
-77.229340
-73.1180030
-77.0426674
-155.9235580
-74.0231
-87.9934
-94.0175
-117.405
-84.034589
-77.6360764
-80.670172
-75.2113
-89.8037477
-111.726215
-111.983242
-81.7084941
-82.441117
-154.951
-86.7012813
-96.5573
-74.6677
-87.655850
-82.352515
-79.4357
-122.276762
-115.1435
-98.481174
-105.9609907
-105.9606
-105.865236
-84.15366
-123.1061
-93.368932
-87.4101
-84.751569
-106.656893
-106.557620
-106.578
-83.2973
-80.642024
-93.0877
-97.602554
-81.178122
-75.9157
-92.466449
-95.375902
-77.789505
-87.4363
-88.293
-155.982
-121.634178
-80.430378
-97.704718
-89.890478
-81.0358
-81.0044
-91.475223
-85.849658
-81.122593
-95.409262
-95.435424
-95.403438
-84.5263803
-81.3191
-75.4942
-79.7254
-102.871
-81.1024
-81.89128
-71.1299
-71.1378418
-99.3625
-84.6569840
-83.0475
-122.860524
-83.430998
-115.998
-87.727804
-118.1581301
-74.0325
-79.2838
-90.1780932
-78.2462
-99.3336
-121.833288
-98.6602
-120.7741018
-120.7741018
-120.7741018
-80.225
-77.9805478
-81.454531
-73.5549
-108.564
-93.2862
-92.3624
-93.614943
-72.519422
-72.519778
-72.5111050
-84.031570
-81.255883
-86.716907
-74.184900
-112.954123
-122.609181
-100.240610
-91.2795
-149.880724
-149.891
-85.6691170
-82.652151
-84.918057
-83.8824
-84.350563
-122.408
-87.6687
-93.3573105
-71.138819
-83.8232
-78.015956
-94.697749
-120.542700
-83.746653
-73.716466
-89.2093
-77.1743282
-94.1238322
-76.5556
-64.8799
-93.3842610
-93.2525239
-93.2459
-75.641899
-80.052567
-118.1662288
-112.136313
-98.038
-89.149389
-78.8498990
-83.194852
-82.4819
-101.8364
-101.611862
-93.2072
-96.020796
-88.40703
-121.9270394
-71.271936
-71.3048066
-122.066082
-78.4308288
-90.6278618
-76.9966970
-77.0146728
-77.0093913
-76.9781261
-77.0044361
-76.9324515
-76.9971713
-76.9991386
-77.0159591
-76.9468929
-76.9940286
-76.9849936
-77.0201911
-124.086882
-77.7871186
-97.4258
-83.961296
-83.7521476
-97.0386
-91.5488
-91.3401
-92.3709
-92.2329
-92.3452
-92.269599
-98.178852
-73.901164
-71.164738
-77.084592
-122.126899
-87.9808
-77.1121896
-74.070764
-106.6776259
-71.431725
-90.358557
-120.362
-120.552
-120.606
-88.4518
-83.020813
-75.587797
-85.953111
-110.799
-105.081455
-105.155
-74.0094
-74.0007788
-79.8175
-87.626
-71.9408560
-71.8208
-94.131
-81.493514
-82.548852
-82.554646
-72.790325
-72.1646
-90.8907
-77.483393
-71.461538
-122.692
-81.1279
-91.9664
-99.3684
-109.524091666667
-71.064170
-111.446
-80.7998
-105.025219
-106.817
-73.932452
-123.8302951
-90.667327
-105.573
-120.664
-120.667
-120.669
-95.119878
-89.723
-82.0584387
-85.235417
-84.5918490
-83.376055
-83.380247
-83.4121317
-83.383849
-86.9735003
-80.86127
-72.2158367
-84.4009
-74.4256
-94.9965
-74.038861
-89.579812
-86.0885852
-71.299965
-118.259830
-121.098
-83.828
-76.570169
-85.0514
-95.815734
-71.8358
-70.224564
-83.2204160
-121.068
-121.076
-93.2371290
-94.9375
-81.3464170
-93.2407
-69.772623
-81.9641247
-93.720373
-93.7201122
-93.717404
-88.308684
-88.247947
-88.362122
-73.6676
-87.626
-92.969561
-80.774094
-112.8622884
-89.4946
-92.6604457
-80.17362
-81.9219
-86.3786490
-82.0206240
-72.8604480
-77.7338220
-79.644
-77.0175504
-71.5894
-93.2905
-107.9890960
-94.383498
-94.4265963
-94.440808
-75.963
-95.397
-92.6417
-86.8176960
-84.5755207
-122.519178
-117.8230360
-118.968
-119.088
-119.023
-82.1572
-77.839
-95.188036
-73.6128
-116.811
-117.965
-92.370763
-88.966491
-122.384667
-77.1165
-73.849840
-92.4571
-76.6264
-76.6214780
-95.93
-99.0742510
-86.1090777
-68.7716490
-116.8895240
-68.203381
-81.425782
-80.036253
-85.1431
-73.951143
-85.465096
-94.372250
-78.5548023
-92.0683660
-74.2225
-81.1739
-84.1573
-72.105138
-72.4975505
-85.91528
-88.1348
-71.0469
-80.1967
-74.913476
-117.023
-73.979316
-95.9768
-88.1846
-89.872424
-97.7557
-97.7157
-107.036
-108.0389895
-93.445
-70.1853637695313
-97.312067
-88.310444
-79.833811
-83.720326
-84.449093
-75.5123
-69.8318
-80.2331816
-85.186948
-85.248013
-93.1496
-95.150475
-83.8881
-85.6338
-74.032102
-76.2254
-107.602898
-91.0592
-91.8267
-92.7794
-84.720967
-75.8616660
-122.461312
-73.5492
-120.841
-120.840899
-105.078
-81.930516
-81.397288
-73.985119
-86.250092
-88.2108
-96.743830
-94.167186
-83.191990
-80.3239
-86.870931
-80.3207
-93.6731823
-122.805002
-122.805002
-83.596275
-86.483982
-71.4825050
-79.524768
-73.6999360
-80.2051
-90.3849
-85.7676285
-103.651789
-83.443812
-91.0753
-76.350562
-72.401380
-85.228826
-106.7752
-122.827
-69.0139675
-111.185
-79.9357
-97.4619
-97.342
-122.235
-94.241
-85.205265
-92.2749472
-82.8035
-75.499515
-77.778
-97.631021
-83.4907
-77.7229
-89.985586
-90.455
-85.018644
-122.202
-95.8936715
-118.134
-122.469657
-82.5116
-105.0813552
-93.6155
-122.273595
-78.0565113
-81.0437
-71.1738075
-82.496
-94.524898
-88.861885
-75.076496
-88.8403969
-94.879466
-94.880609
-121.321
-122.161188
-96.5031118
-84.1682
-87.941926
-95.995047
-112.2973
-74.0109559
-119.487
-90.363
-92.5884
-93.737025
-86.454635
-94.2088160
-94.225177
-84.2974770
-84.1883
-78.227638
-83.839418
-75.458307
-73.207
-73.3288593
-73.2035441
-73.253489
-76.8194
-88.942278
-72.786014
-71.183060
-72.5489526
-92.2725650
-83.245211
-87.583806
-121.847368
-93.567287
-105.082636
-70.8649912
-87.7882889
-86.990601
-75.057403
-72.9914827
-97.5095
-94.017747
-70.794075
-72.6461
-73.3838
-77.09232
-77.099203
-75.3784029
-90.501985
-92.4043396
-70.8848378
-118.398907
-82.306386
-82.942547
-87.1386
-116.866864
-73.945
-109.0742033
-108.7626956
-82.4319
-85.4752
-118.150018
-111.3103
-82.7752448
-109.956
-114.079439
-114.0802500
-71.2701340
-71.2699971
-83.777762
-76.0308
-83.217619
-109.878248
-89.010823
-118.397430
-118.398
-100.808648
-116.815
-114.0762160
-83.7999390
-111.2743
-104.701
-103.244279
-82.3217446
-90.846481
-90.850406
-82.1757
-71.7738903
-80.414503
-97.28256
-75.0661
-78.7351
-96.1296
-74.955689
-97.659273
-81.115074
-78.824204
-82.904
-84.883123
-71.579351
-86.9379330
-72.737
-89.9298107
-79.944435
-93.0535
-77.0121571
-82.5544
-86.5369425
-93.301070
-86.521677
-76.457784
-121.860023
-86.4702404290438
-82.3201083333333
-81.6799
-68.577132
-74.7885
-94.2778137
-82.483
-84.3264
-81.271620
-84.419562
-84.5550730
-85.763805
-83.985440
-83.8902
-85.171560
-89.919
-76.600639
-77.797107
-86.1621
-82.259954
-80.086148
-111.031
-116.184446
-116.193802
-93.1185
-89.9796801
-73.6563
-91.8019
-93.4632
-81.809683
-81.779296875
-94.883529
-116.314
-84.699311
-93.1079
-92.372114
-93.8800205
-82.4719790
-93.9219446
-93.8518
-74.413350
-123.368
-92.7407424
-75.344045
-76.4881
-74.7030158
-122.373674
-80.1507
-73.9904970
-116.378
-90.707006
-97.6573069
-71.0747
-71.057376
-71.108470
-71.0823
-79.913375
-122.221699
-100.4459433
-111.425
-105.1286563
-112.118022
-105.277638
-74.5329
-111.878
-85.912733
-85.9446468
-86.1185
-91.2462077
-116.615
-122.335092
-122.368107
-71.067939
-69.8964800
-97.850030
-76.741902
-77.347563
-91.1948
-74.014313
-86.4339270
-82.6995
-84.7668198
-71.7342857
-85.015479
-111.0404
-72.168331
-71.057284
-82.573450
-82.104
-71.955407
-72.1257698
-87.4737600
-80.7855537
-84.8756
-85.239727
-71.004927
-77.536103
-81.313467
-76.9461
-74.178
-77.1538342
-77.6366060
-73.086312
-82.2703
-72.833736
-82.9316
-93.2182637
-72.5578619
-72.5578678
-72.5582640
-80.7719
-96.37
-118.236
-91.9014
-86.4585
-83.9353
-86.147566
-122.628866
-121.6948205
-80.666944
-68.7559
-73.6072
-87.0275
-93.2499
-94.596733
-104.840856
-91.947877
-74.1105160
-80.192121
-80.815
-86.6745
-80.232076
-103.099660
-77.5958330
-75.2343549
-91.2436
-80.1108982
-74.607976
-70.707721
-76.9436
-112.015057
-104.821
-83.7852
-77.567072
-88.0688
-72.199901
-81.3458
-119.108
-90.244299
-90.244299
-72.9273
-71.112588
-88.0431
-72.9453
-73.079252
-77.575794
-97.362428
-93.8018
-75.1610530
-75.169505
-75.165366
-77.0679
-86.138451
-104.8336186
-81.645294
-122.4407752
-78.799915
-77.937
-71.0433
-71.018816
-99.623299
-85.582
-73.922603
-73.8377863
-87.6267
-80.5949138
-80.6377819
-88.125619
-87.84114
-72.083026
-93.0735348
-90.4438653
-84.334721
-96.795258
-124.299948
-76.992642
-76.995089
-68.5672
-71.123897
-73.9903552
-89.369
-71.95
-91.1655
-94.592328
-121.3594640
-68.737726
-82.387877
-85.011762
-84.1899215
-75.906011
-105.090062
-95.228
-90.7731
-83.9044248
-83.867718
-87.961917
-71.400122
-86.396511
-83.2645968
-86.053
-73.9098
-121.283162
-122.984640
-79.888093
-97.494221
-73.9135787
-73.908953
-98.9906
-82.0219
-91.2746971
-79.6413
-79.6412
-103.224
-77.6269237
-73.620372
-69.995923
-103.6352521
-98.305365
-75.317081
-81.246072
-86.3596
-93.723133
-112.5421815
-70.2604
-80.228348
-78.4741
-77.6975
-68.7961800
-80.9169
-79.3531
-106.133
-93.9466
-93.0897629
-106.699
-85.7184
-81.267257
-118.3079771
-122.340479
-99.292660
-81.564792
-77.2988610
-97.3239
-95.835553
-122.346
-74.8951
-79.435955
-95.73878
-72.9671
-73.213445
-71.1909468
-73.2395300
-77.0639
-97.7018
-92.542771
-92.686157
-92.680232
-92.381705
-121.664
-122.367
-93.2741
-73.8997429
-71.677124
-99.1332
-89.9001
-73.914932
-73.911992
-86.7419
-88.069654
-82.3794
-88.2376
-112.5364
-80.4806906
-80.4342396
-70.6206
-77.453933
-90.585022
-85.722456
-93.2900958
-92.096349
-111.8356500
-85.402114
-87.836190
-81.678178
-84.208
-90.7272087
-118.636
-81.5386
-74.275217
-116.6892
-85.5067032
-72.016637
-72.015393
-86.76804
-115.487132
-74.224
-89.3129
-80.7799
-94.6342
-85.831171
-81.092427
-122.1253090
-76.501241
-122.580231
-85.585966
-84.846618
-75.058104
-75.0555
-91.8664
-76.617912
-76.597676
-76.461245
-90.275
-122.455221
-119.041311
-122.402169
-89.1032460
-121.096
-121.9314131
-71.0873
-71.1012855
-116.678753
-93.0094
-76.072147
-89.0163400
-73.3813726
-71.0889
-71.111
-75.119469
-75.610099
-93.309374
-87.3034
-92.8495
-89.788781
-91.233344
-120.972640
-77.3423982
-84.392748
-84.4521
-84.492037
-121.944
-71.642885
-69.5617
-72.010402
-71.797436
-81.5686
-82.401054
-82.8059
-77.2785
-77.2708381712437
-122.6939354
-99.2052
-93.086021
-98.990303
-123.9607538
-89.0956887
-118.601612
-105.43965
-71.565515
-83.239661
-71.1246
-84.490904
-90.035727
-90.0349
-75.168835
-83.5346416
-82.840876
-81.3775854
-81.4035970
-117.253
-123.283313
-70.665790
-70.67753
-81.9525140
-89.569613
-89.519874
-76.3343
-100.352653
-74.763513
-75.5262294
-72.574892
-72.577201
-73.718251
-73.805466
-100.753
-77.0304490
-92.200082
-105.573184
-100.772
-93.6031
-122.3126680
-81.6284
-95.677761
-77.0033
-89.279478
-81.1027
-71.414641
-82.190561
-89.216720
-107.211263
-75.502489
-89.2434120
-83.971275
-111.9217879
-92.046885
-68.000565
-89.0086
-93.486073
-77.1665
-71.337766
-104.228454
-92.428680
-92.457819
-89.367814
-86.13041
-121.9270394
-121.912355
-83.393464
-77.895273
-78.9601017
-76.393370
-90.2591
-75.683661
-119.52
-79.077593
-79.987
-79.988803
-77.000170
-94.8641
-73.995430
-93.496941
-90.4076327
-81.0869
-119.7678437
-118.259
-82.9037
-75.6125
-91.13503
-94.313535
-92.9137
-70.769182
-78.7823443
-88.2387729
-77.4318929
-91.3408
-121.891
-77.395400
-70.522297
-81.604037
-83.1013
-94.3725
-94.6109
-86.0023
-90.986
-68.7983
-98.522400
-104.8600299
-73.1779
-122.433102
-122.0739386
-79.1526550
-110.925
-81.269507
-90.4864
-81.221788
-80.1068482
-77.6327462
-76.716714
-76.732893
-73.8659
-97.7073
-85.967205
-120.912
-75.855241
-121.408
-106.129207
-105.994120
-75.156709
-75.941717
-113.063291
-91.1361
-94.011533
-92.4481584
-122.8141034
-74.0109
-84.036747
-93.5011
-87.987
-95.6009552
-81.2879
-84.5716
-96.7869845
-93.3264
-80.846

-149.868
-86.6837
-86.6746
-85.5809
-83.686354
-87.4449
-84.9963
-84.1598756
-75.616506
-94.849189
-94.205250
-118.256
-91.523164
-82.4793
-71.395371
-151.068
-76.7295447
-76.1684
-119.011
-82.5002500
-97.8554
-120.4804530
-120.6299
-89.1346
-76.065130
-66.9706
-76.5206
-118.416
-120.955
-118.062538
-92.2676408
-91.7376
-81.0652553
-117.155106
-121.489
-103.001
-114.281864
-99.335551
-84.2997
-121.846216
-83.7509825
-81.1524
-73.322947
-73.295177
-73.322268
-111.841643
-90.8017892
-88.217
-95.45264
-106.3769962
-104.796
-121.815374
-121.815852
-73.8838
-93.3068373
-72.874
-79.9065
-92.677948
-88.89497
-71.1227
-76.6164
-77.858207
-88.1752
-94.0363153
-79.9356904
-89.350007
-93.21766
-93.2503800
-71.0648
-71.6300890
-85.258400
-84.836318
-82.079759

-78.4816540
-73.979355
-87.6014
-74.38443
-70.0205404
-73.6016
-79.175913
-118.597
-85.3173713
-79.304999
-73.4299444
-84.4716
-95.972839
-120.07
-71.3805861111111
-71.352922
-71.0381
-84.0210800
-72.44747
-74.000800
-74.005108
-117.574344
-97.781571
-79.880519
-75.9825
-85.670173
-83.3117
-90.2274150
-100.5420414
-104.958827
-117.190937
-95.973375
-84.117669
-76.2422628
-81.213620
-92.3172
-72.5053
-77.4473480
-74.696592
-72.4502
-77.504419
-77.609299
-87.0536
-73.8051330
-76.0666
-75.196974
-76.90633
-75.183116
-117.715235
-102.977
-104.814433
-104.808570
-104.814220
-74.9163
-82.4747
-87.646182
-87.683301
-87.644568
-97.9441
-121.598
-121.848
-72.6001281738281
-93.2626
-93.8555137
-81.676633
-77.7285
-93.553418
-83.0031767
-121.863
-88.1549200
-122.7693133
-107.342
-80.5778246
-75.3734494
-117.69
-112.455293
-85.5372
-91.3906376
-80.369
-92.890735
-89.1774145
-120.264
-64.7043
-93.2207764
-80.410187
-112.462
-117.08
-116.968
-78.826597
-79.6584
-78.008058
-98.2297673
-86.0135
-76.1271815
-75.8963
-105.589
-82.2587
-79.771393
-88.9544
-72.8888
-86.769
-95.3693
-87.7898
-74.006310
-157.852699
-71.4647
-117.101521
-85.6077
-83.8863179
-94.581688
-94.5821788
-86.206775
-83.6878
-81.3761158
-76.1804
-90.1951
-104.6921874
-71.0448300
-80.9241
-80.925092
-83.6321608
-84.7092680
-84.71587
-89.0882
-72.608042
-87.839435
-105.078491
-77.473074
-77.4737608
-79.2717
-87.662984
-73.112792
-85.6988
-96.043954
-93.477256
-77.589746
-75.599094
-91.000518
-75.2112
-83.46616
-83.024314
-91.1501459777355
-83.388269
-91.1566
-93.009031
-93.523694
-91.2159
-87.825150
-104.956863
-72.569068
-72.958380
-72.8887945
-72.917848
-77.0139
-89.8376
-122.529130
-117.175467
-84.770679
-117.718999
-72.339305
-81.1463540
-97.5095
-78.58945
-77.095245
-95.0369
-79.3861
-93.73269
-93.0711
-113.9965860
-111.948270
-75.209377
-91.7627
-81.9173
-93.7656
-77.9555
-83.519221
-80.2825090
-80.337583
-77.278454
-90.5749
-83.4096
-84.239409
-93.4704
-83.152922
-96.4167
-85.8491
-81.083293
-78.5253
-78.4571444
-91.1028
-76.0881
-83.397909
-117.545394
-121.9357925
-103.183
-93.3844
-83.5537
-78.4434
-122.613
-122.636415
-82.7862
-85.596408
-92.0195
-97.407713
-122.460989
-82.8229
-82.837890
-82.787
-86.324648
-99.1179
-90.7240183
-90.72057
-97.2925
-73.797992
-77.1395
-82.707138
-119.237
-118.908
-88.960591
-83.8315090
-85.1347
-72.5224699
-93.7804
-75.378406
-74.905764
-90.3308
-83.0165751
-82.4584
-83.7343
-85.6190650
-75.134088
-105.740595
-92.2361
-93.4369918
-123.3422923
-123.017263
-103.196201
-119.702
-78.8238
-97.398
-76.764414
-75.743782
-119.701521
-71.423469
-71.485463
-122.432880
-122.495184
-90.3328
-80.2427403
-83.710105
-83.3588
-80.6104
-80.2468
-81.809210
-71.07163
-82.4631270
-86.0862
-95.6159
-80.482299
-80.4834
-70.8234
-73.70068
-87.6946
-72.3241
-93.4539
-73.9497
-78.6826
-92.211220
-71.5029
-91.4634
-120.957
-84.54511
-92.456087
-122.337849
-93.041000
-76.93738
-76.92268
-87.668745
-96.653789
-80.66095
-81.763926
-89.677
-75.069
-93.3063
-80.1283
-72.923264
-95.8403
-93.31066
-76.9632693
-77.412031
-89.0291
-104.8146880
-104.822309
-122.382
-92.321695
-122.2861515
-93.2273
-114.180608
-87.0304808
-92.363669
-92.352608
-92.345154
-77.0327468
-77.086638
-73.964360
-124.053969
-86.62
-85.900278
-78.706229
-89.0147
-74.7251
-109.253654
-82.198595
-91.360422
-82.9805967
-84.9806
-82.9997110
-121.997
-117.88
-96.9110998
-98.91297
-84.3625380
-75.160824
-81.804309
-96.5773
-93.057111
-81.072324
-86.4658499
-80.057952
-80.3059125
-80.2527960
-89.2155217
-110.925210
-98.953
-80.400238
-117.374
-118.2239734
-109.603
-100.432
-71.538411
-122.0339936
-84.4234
-97.661
-97.6304
-120.184691
-86.956701
-73.983650
-74.002
-105.2872435
-80.5602
-72.672892
-79.594359
-90.317994
-81.2177047729492
-75.308
-71.7130804
-87.6926
-92.7431
-92.412827
-92.4128275
-79.0469799
-72.6981
-92.449952
-92.6893
-85.5016
-75.5572862
-94.6776
-73.8255
-73.9390170
-89.9906830
-66.065280
-73.606772
-75.6605
-98.124
-74.925265
-85.9412
-124.2152977
-73.517481
-90.394263
-81.644372
-81.630011
-71.076390
-97.007022
-76.9756
-145.444
-98.185
-124.191
-80.2632
-80.2604070
-91.584155
-80.1612
-83.8654
-82.751016
-82.749527
-88.4963
-76.505311
-122.185434
-77.0547
-82.0891
-72.2766
-91.1014
-111.918668
-74.029338
-73.3577
-117.869
-73.8626778
-117.565260
-117.167736
-97.395219
-97.392539
-97.391425
-106.6201646
-95.7848
-112.342222
-112.3444871
-122.551
-73.9652999
-108.587634
-96.7075
-80.726906
-123.2582494
-123.314881
-81.866236
-117.906013
-122.707298
-98.9491
-117.603
-105.682
-85.674054
-92.5354
-95.2352
-85.072740
-122.282
-112.027
-87.7162
-88.2769
-120.691
-120.659
-120.697
-100.315990
-87.951651
-91.828516
-102.397
-81.5541174
-81.5835937
-81.588132
-122.689153
-92.6948973
-75.6385
-72.3457
-81.58
-84.3852
-117.89
-89.6462798
-79.99436
-90.0955
-95.6518
-122.964
-122.925
-101.412
-97.442048
-73.795227
-92.2574988
-99.9859
-99.9901154
-109.58853
-72.382604
-107.546
-79.7101
-93.572941
-86.901777
-106.9269581
-78.6812
-82.8664
-79.936471
-98.0099
-86.2846
-118.335221
-91.8337070
-81.5099430
-124.147
-90.092183
-90.072629
-90.059004
-71.186029
-92.118784
-106.9874825
-94.3828
-86.5631
-123.018482
-87.6314
-96.6777
-90.4564338
-87.632395
-87.6323748
-92.136565
-89.2205
-76.696765
-72.6456367
-86.211863
-96.6094
-96.6035
-103.297
-80.191506
-90.78618
-89.641947
-97.1331
-91.9614730
-85.510540
-84.3289
-105.1066920
-122.129962
-73.664419
-73.664301
-76.990169
-114.4085896
-90.555756
-121.287228
-115.97
-87.3647
-90.179753
-78.7019
-90.3786887
-85.6884
-84.9149
-88.317010
-90.358772
-83.2363667339087
-106.9584
-87.9163
-97.1686
-90.9720333
-73.547802
-73.7885
-77.9969
-118.396
-86.4165272
-84.9026
-92.022534
-70.234306
-85.961461
-88.186
-85.9225170
-85.9086752
-100.515
-96.7727
-103.601430
-81.4976900
-84.286594
-80.211023
-73.9500000
-88.9003
-73.9698797
-73.9699
-83.985219
-117.279
-82.6723
-88.017858
-77.3410794
-116.965
-85.714656
-87.626
-96.789378
-91.817679
-122.470410
-69.513212
-122.4556058
-80.2025
-73.455360
-71.862337
-83.416446
-89.3802700
-89.381847
-89.3895617
-89.384251
-71.5542
-71.8776
-77.7084
-70.938435
-82.2445
-86.5250684
-79.3838932
-122.0006143
-114.178
-93.153099
-73.4828
-87.9547509
-90.120730
-70.94434
-88.1594
-97.8145110
-90.571154
-97.1286
-92.414246
-121.7436228
-83.516
-84.1195960
-96.0574386
-112.002561
-78.8763
-85.0132689
-119.591026
-81.016582
-119.537
-76.998
-88.0592
-90.5522740
-102.404
-76.552691
-73.9537658
-77.9008
-83.211488
-84.92007
-85.9774
-84.296806
-71.1771800
-72.436
-112.7313469
-72.6446
-80.0979634
-71.243012
-87.8489
-84.2825
-84.361911
-84.762354
-84.553142
-89.3389330
-77.1262
-85.7107
-85.8122196
-75.294703
-88.7521505
-117.264
-121.9270394
-121.457687
-77.058777
-88.4026
-97.346623
-119.428
-93.7918264
-88.647738
-73.9839
-75.5631490
-74.921231
-83.0689
-75.1518
-91.982453
-74.9143270
-73.8255335
-80.071620
-84.0197
-90.2700349
-76.3267
-87.8346
-150.234
-121.3031
-95.3508
-97.136403
-75.830512
-75.8304
-104.998287
-74.476083
-88.0872
-75.4248970
-92.4366982
-82.8328796
-93.286
-71.3267378
-122.329264
-89.228629
-93.755896
-112.073453
-98.8711
-87.697438
-112.252
-71.055537
-84.5691
-90.496
-83.889499
-69.282294
-122.815
-122.027490
-119.781
-75.151261
-87.387733
-82.023

-158.458
-112.637112
-105.548
-85.0589159
-77.037849
-84.64839
-123.38
-119.389
-88.6871
-121.017
-122.4380130
-122.4384765
-87.6304
-83.656340
-84.2094222222222
-105.887343
-89.485273
-84.5174
-76.504862
-80.722911
-80.777
-100.02
-83.176423
-90.1298890
-92.2673510
-104.744
-74.7716754
-106.816
-91.5645
-92.272695
-71.0615
-71.071918
-71.0594187
-71.083
-77.3350620
-71.7136899
-85.598452
-85.694272
-84.7305898
-88.4624156
-69.230507
-70.875971
-73.734523
-73.959648
-73.8612998
-73.983796
-73.916031
-118.134
-75.705606
-88.872684
-115.141
-73.9079
-83.2089890
-88.4862
-117.9154545
-88.4060597
-97.104737
-80.6364
-78.1827
-83.8877893
-80.679578
-78.5038730
-89.035534
-122.2727922
-85.4819
-75.9095
-88.9941508
-88.996402
-83.650031
-97.8433
-78.87492
-88.276064
-121.840525
-80.2476
-112.018
-82.7998012
-81.767753
-81.6891370
-89.0159
-76.8194
-84.9709565
-87.62994
-96.540384
-88.008889
-116.960239
-88.287334
-87.686121
-87.573958
-93.1478
-84.2807
-91.5051
-88.302484
-82.0066
-118.341568
-80.770914
-91.261947
-87.7881
-110.972
-113.583355
-117.372487
-80.498
-97.3308
-97.3962
-79.4628
-97.4555
-92.098221
-93.6204386
-97.006456
-96.788
-88.446973
-88.447092
-96.4694000
-83.8271383
-84.6758757
-88.016981
-84.6314568
-76.3232
-99.3309
-114.9817213
-81.340927
-90.7437249
-79.1547
-84.406020
-79.242358
-78.918271
-88.2709812
-118.254
-105.5944156
-89.0954
-94.37711
-84.1058237
-121.291610
-90.1153638
-96.5635
-96.6197
-85.6708470
-84.2807
-87.395409
-97.664460
-104.988845
-80.600258
-89.516386
-74.4133650
-91.2778566
-122.573170
-84.1493
-74.0081736
-84.9555
-80.8912623
-73.2503563
-90.395645
-81.2420473
-71.031
-83.131950
-94.1158550
-83.9410120
-121.8928620
-122.153614
-117.869170
-80.5106
-89.5887
-78.900135
-85.7072
-80.6169
-83.8356554
-76.1528314
-87.4044397
-83.508489
-95.711132
-121.426885
-84.204574
-95.99038
-79.724865
-83.279103
-80.3998
-76.2186
-92.3421
-69.631
-96.8501028
-77.2889
-88.183336
-76.8194
-98.489528
-97.3938
-91.761915
-97.10646
-81.6956
-81.493887
-100.371695
-93.649704
-105.090755
-80.7422
-88.705799
-98.0864453
-76.645847
-89.2385
-117.978
-121.873763
-83.103455
-78.762102
-109.630466
-90.668031
-90.6666256
-71.9011877
-82.3863
-83.154
-78.939226
-78.899990
-78.9320532
-83.129376
-92.0840550
-73.987717
-123.052
-76.5205
-93.207589
-87.9638
-123.015
-83.660742
-82.7876
-79.326651
-78.6074
-122.272
-84.3324
-91.9577
-91.966
-83.9831
-107.882758
-78.901856
-72.68057
-70.910656
-78.908413
-75.7173029
-75.0654
-95.839362
-121.9859740
-91.11279
-92.3063
-90.317994
-118.776299
-121.877095
-93.173900
-106.834
-89.257902
-118.211619
-107.784791
-76.5819
-75.6275
-119.271
-75.5456
-74.9864
-78.4809130
-82.401
-82.605
-82.500124
-84.344531
-78.632801
-118.985
-80.0766831
-71.039821
-75.2181481
-90.6407
-81.623015
-95.342978
-116.1549
-75.191964

-72.7264
-73.695566
-71.453619
-72.180675
-74.3469
-73.9456
-72.8717
-76.4663820
-118.308138
-81.8264
-89.28226
-85.130525
-84.310406
-86.7246
-80.8024
-84.487514
-118.1609
-118.168567
-96.6059
-90.4875
-86.7396677
-73.8866767
-122.187
-122.189
-122.1338564
-84.441926
-121.457852
-97.4856
-76.793909
-93.0737
-83.2927
-95.3009
-95.324795
-87.9050517
-69.5414
-118.188
-72.7329
-96.722763
-86.164634
-83.040134
-76.996336
-97.2739
-77.8102
-76.189
-78.595325
-72.6696250
-93.2595
-82.915370
-76.8194
-75.2091145
-76.815535
-82.958729
-82.9481112
-93.5813
-89.3677304
-73.4346
-84.6364564
-84.657876
-74.060765
-122.265
-91.504811
-91.4374
-80.6271
-81.0361
-93.2656
-93.2674
-78.7251
-118.258630
-73.9015
-87.634326
-80.8499
-122.845
-96.6011
-76.607355
-89.0288
-81.9292
-87.659974
-76.2921390
-91.5679
-76.292095
-106.200820
-83.017262
-70.6725
-82.9997110
-76.2313
-74.3354
-97.4797
-122.376658
-86.2559
-85.0375810
-106.594119
-88.0586
-79.169
-87.280716
-71.103239
-84.573114
-99.508713
-122.3
-92.665108
-96.8495
-121.075495
-66.061721
-89.395424
-66.093809
-66.295391
-66.013453
-66.418372
-66.162877
-66.038951
-66.158486
-65.978641
-65.967404
-67.141614
-66.991607
-67.056238
-67.0402
-67.1093
-67.154818
-67.023722
-66.9829
-66.9706
-66.265701
-66.598512
-66.36982
-66.481474
-66.357225
-66.729934
-66.310174
-66.2207
-66.106423
-66.9205
-67.120577
-67.148266
-66.967271
-67.188389
-67.2363
-67.115773
-106.494288
-106.406
-106.481
-106.421
-106.355
-106.541
-106.323
-110.973
-97.9549
-118.405
-105.450125
-77.6925730
-87.59908
-86.226146
-92.581576
-93.1007727
-105.8905
-94.021567
-91.6269
-110.543
-97.2855
-87.7962799
-80.8269849
-104.595551
-90.2272164
-73.590621
-99.4035
-121.405
-88.0078306
-91.688247
-85.409560
-85.9685
-80.850502
-79.851465
-79.875338
-115.762
-81.379214
-93.301638
-74.3940770
-86.6387800
-78.6752
-72.4681079
-72.4903500
-83.1052
-90.5875540
-80.5745
-85.246155
-68.4185
-68.4228140
-92.469611
-80.288255
-71.2303515
-92.4351
-73.8845641
-76.8083
-73.6999746
-73.8181
-78.8770165
-79.5067
-84.3873
-91.58502
-91.5858693
-91.856863
-114.8945117
-117.426071
-75.4903
-116.500558
-77.329015
-100.302
-84.323671
-86.058938
-116.237
-73.758667
-96.181233
-77.541547
-117.292563
-118.5128542
-97.6022
-72.1438
-72.5494
-85.578248
-87.6645
-73.973
-86.4432
-74.361
-97.8774
-111.7336261
-96.628311
-79.0977750
-72.805183
-85.8550515
-119.551
-71.0734
-80.082
-105.0474201
-87.6414
-78.6473444444444
-82.3984
-111.6002790
-87.0604
-117.0790109
-106.080229
-75.681
-72.399
-70.781781
-122.335
-148.01
-105.502
-88.5505521
-94.827697
-83.975
-112.429459
-81.525914
-95.0959667
-95.0985747
-95.586085
-115.0534030
-115.9609
-90.628165
-93.731702
-82.1328615
-92.290200
-110.964
-110.964
-89.2980764
-85.259592
-104.613
-77.40525
-71.052841
-122.222050
-80.4776
-105.3172146
-121.773943
-87.7022
-95.3253
-121.241
-121.633
-158.007174
-93.5705830
-70.950053
-71.56186
-98.931649
-92.238327
-84.4940793
-75.1594
-93.150849
-73.266531
-147.719593
-84.0225
-84.5820820
-97.1799
-122.589980
-122.0419010
-91.963120
-69.60011
-75.9391
-70.906663
-70.9030055555556
-87.9019749
-94.854471
-77.087205
-80.141524
-80.191687
-75.174055
-123.07
-77.442818
-105.021583
-122.438690
-73.999
-86.363
-82.4505
-80.2474
-117.417780
-87.5973835
-87.684336
-87.671314
-88.020798
-88.1071232
-87.7607762
-88.047600
-88.1184804
-87.7930585
-88.308656
-87.789930
-87.6083398
-87.9811050
-87.8290320
-87.584824
-87.6420127
-77.6203997
-93.0877
-79.1983614
-83.2266
-71.1626637
-71.1563
-117.251115
-96.728261
-118.768
-77.1725310
-96.723203
-70.236131
-70.603804
-121.027893

-108.534
-91.1428
-80.9718
-93.2259

-89.8030194
-93.2417

-86.275251
-77.6089550
-77.6253020
-74.624115
-94.460444
-79.468602
-87.6657
-98.466205
-71.1593484
-76.4954
-88.301861
-116.6066410
-76.6869689
-80.3554
-89.242743

-85.99
-104.433355
-83.2462480
-82.523
-106.778792
-96.8952798
-79.9214
-80.33
-151.1354492
-91.3161554
-78.4650920
-103.872
-86.021
-95.6143
-81.1906007
-96.9084422
-99.4975
-96.1089
-92.5560624
-72.4359
-76.7737770
-93.2915
-72.6869427
-81.082368
-76.493382
-75.5234
-95.637714
-81.9224
-74.0639
-95.7757
-74.081432
-122.463258
-81.276261
-88.159755
-86.1365
-73.7876
-85.2227
-85.756240
-91.358269
-75.1196
-96.5269
-100.921124
-73.7192
-86.6775
-95.707
-80.862568
-81.2879
-97.0781
-156.299
-156.448
-104.621
-81.6562
-87.8875994682312
-93.255076
-89.63
-111.9732988
-95.775004
-88.2388
-92.912128
-110.761305
-85.3060079
-73.0095
-92.987656
-83.3829
-77.522305
-84.5538744
-77.189241
-76.9211
-117.912324
-84.4216
-123.613
-123.648
-80.669759
-89.3616069
-72.745360
-72.55887
-155.449740
-71.1167153
-69.773020
-77.764901
-71.7993
-76.467698
-89.918062
-77.433186
-78.7446
-79.561497
-92.7347344
-91.403483
-89.8671
-92.635831
-84.345838
-88.020684
-74.22453
-119.206
-73.4450506
-83.373828
-90.407528
-70.1529
-91.7440671
-80.532360
-71.031
-93.145364
-108.164198
-72.828563
-73.0323070
-81.8764
-87.718
-76.6492939
-78.392913
-77.5855690
-80.5023
-84.866874
-92.4441
-92.8976
-81.143239
-81.104507
-87.8079
-89.4157866
-83.438495
-85.1402899
-94.1608610
-76.019508
-81.311586
-79.1941
-79.086495
-95.432957
-76.6123931
-87.6294
-122.313022
-122.307155
-91.485665
-76.5936
-122.063
-83.7038
-81.762290
-75.0519
-90.3027133
-65.720737
-155.166
-81.459582
-122.588
-119.2398822
-122.3933208
-86.8442816
-74.4669868
-91.211
-91.4603
-88.455
-91.2144
-122.357014
-85.3503286
-83.1700053
-88.753492
-84.518946
-122.839
-104.718913
-81.549727
-88.4
-104.4382281
-92.166438
-87.245350
-71.6232
-86.01632
-89.424
-71.8059
-75.179353
-83.2518458
-88.005845
-73.1104355
-76.279675
-81.060719
-81.128573
-111.6516204
-72.636505
-83.2872
-80.303248
-82.4413145
-74.1901
-80.6498
-83.7592
-73.1955
-83.6870062
-87.26
-88.4861
-81.8793
-86.3252
-105.116544
-114.091371
-72.6732
-124.101
-95.9626150
-82.3753
-74.3554231
-121.435856
-87.67865
-82.773807
-80.319831
-85.906999
-78.293310
-80.0585
-121.178
-74.3697
-74.3774
-94.8395
-87.9399
-117.4358061
-117.4864968
-106.3269901

-110.946013
-110.952241
-111.009413
-110.968242
-110.9428891
-77.661375
-81.541682
-81.5411997
-80.987500
-83.51205
-79.2854430
-123.112063
-73.846385
-79.8611413
-86.82
-78.44106
-120.852
-74.1913
-76.3364
-90.7874
-89.3029
-73.9053
-83.939704
-81.09717
-93.112429
-88.8296
-85.989646
-123.804781
-105.059691
-94.1794
-88.8317
-73.9746
-122.837
-73.98
-91.31345
-122.431302
-81.873192
-74.6212
-94.704948
-94.427993
-157.862
-104.244013
-84.461401
-84.446892
-84.448590
-83.8854831
-86.6146
-124.159
-85.846045
-95.741515
-83.41541
-89.1000900
-91.706486
-104.700367
-75.163186
-82.1996
-85.363303
-95.6878
-77.063714
-105.0752471
-96.743052
-81.494013
-75.392128
-88.178510
-87.9060222
-88.348513
-71.433853
-71.4222
-83.738212
-75.077020
-86.2338
-87.843761
-86.511368
-93.207779
-87.7328
-84.880012
-78.3011060
-79.828
-91.5092030
-71.6435589
-86.858009
-71.401453
-83.3812454
-86.057680
-75.1677064
-76.9212462
-82.952305
-87.594789
-86.577411
-78.4572594
-86.1237785
-92.466452
-77.410755
-104.9412813
-77.462549
-98.873134
-90.2927065
-79.3323515
-79.3152986
-76.999859
-84.356820
-122.2617897
-94.5268459
-70.102783
-73.5749560
-92.0139
-90.580319
-122.008
-85.9432
-82.2384
-82.5502
-90.0585849
-84.2858818
-75.0595243
-76.8194
-86.881
-80.3321924
-103.237
-94.955858
-94.5861247
-75.8159430
-115.1768402
-115.1768402

-77.1122462
-77.035024
-77.0032262
-77.026455
-77.0493350
-77.0447592
-77.050545
-76.9883288
-77.018627
-77.0229631
-77.071216
-77.0254868
-80.1491
-119.79
-119.790525
-119.826536
-119.826908
-97.4508
-85.5598
-117.575
-91.1749
-122.215919
-91.1842
-80.399262
-93.292268
-81.1773
-77.2394
-84.2237
-95.191302
-87.4002
-96.832204
-78.189568
-122.202
-78.9292556
-81.8916596
-108.7289882
-122.2236394
-70.9809
-77.4083
-73.9422685
-85.135797
-85.141530
-77.196000
-122.0061
-117.922
-117.932
-86.2158331
-77.995682
-93.324960
-76.416521
-91.959630

-85.6404790
-73.558
-86.004
-81.648
-103.87
-80.9246
-90.3976
-93.466676
-85.418966
-90.3654
-91.349
-86.449021
-111.039934
-117.4578357
-74.076339
-82.20496
-108.747697
-94.8349
-94.7961
-73.6772
-123.7942429
-81.519198
-73.6355
-100.8532074
-117.941
-104.712
-93.862901
-75.2162325
-119.855561
-84.1854
-118.318
-118.306
-86.810407
-99.1973
-96.7421
-80.104459
-69.775183
-74.152737
-71.8064
-105.1655542
-94.925756
-87.7164
-93.6122
-95.24
-84.5787
-101.416
-81.1757
-87.6244
-94.0298871
-81.6154630
-83.450183
-96.479015
-94.2222
-90.850197
-96.850471
-81.5123
-81.337545
-78.1938
-77.816409
-76.980922
-97.601539
-80.947264
-88.311220
-94.48
-96.0019
-79.276485
-105.697
-73.4278
-97.685750
-79.2817826
-97.6769
-97.6782
-75.3781690
-70.9666
-77.054640
-85.9661
-86.7428
-90.386691
-90.386905
-88.1206
-75.178662
-81.351431
-156.657
-77.4524260
-94.5487
-88.3692
-122.773
-122.746
-122.587
-122.579
-122.586
-118.211
-111.7912702
-87.0319
-105.5043993
-71.5778
-80.820086
-84.482940
-121.568
-97.2797
-92.7169
-81.771026
-94.547465
-122.595126
-84.481527
-79.4520750
-75.739334
-85.986905
-122.433073
-76.733814
-74.128195
-85.9347140
-94.148809
-87.7583639
-93.2184
-112.1861896
-104.931
-104.717710
-117.865
-73.7887
-122.1941219
-122.1939143
-76.800750
-117.325
-73.6828589
-73.6513726
-75.1535011
-87.7808
-107.324839
-87.666262
-107.324584
-110.788406
-75.1281
-77.0683
-74.345163

-76.6598
-82.79
-71.431
-121.333373
-88.4849
-121.117
-105.226
-117.134551
-77.5299
-101.877799
-93.763157
-120.818989
-77.6162
-119.825
-77.888294
-81.7974
-80.071428
-96.706935
-96.7647804
-119.504
-80.1230603
-114.755
-101.713412
-86.7145470
-112.361037
-80.025282
-87.9028
-102.2032780
-84.926264
-81.728973
-75.2213168

-70.4294
-71.5778
-74.323258
-85.837360
-73.234638
-89.964831
-73.5682
-100.1586741
-75.467067
-120.827756
-76.610198
-77.3563658
-89.030330
-77.49185
-75.547497
-85.9979
-81.1496
-80.017140
-97.421667
-71.6851343
-73.942183
-83.806723
-105.937
-73.970368
-86.313655
-94.596680
-86.231009
-98.377846
-85.746806
-122.2478409
-84.7463
-105.79
-97.0045430
-93.540091
-85.9540218
-79.977892
-103.354140
-83.043444
-94.536037
-85.7625
-121.231
-86.1102024
-116.1146234
-121.198
-95.5421
-85.659113
-85.5946398
-85.495520
-92.3821
-97.7363
-79.1239
-84.577839
-84.604983
-84.5753548
-84.373436
-90.456426
-107.8543184
-123.3289830
-81.0933500
-78.6099
-73.3282
-82.520099
-72.8587589
-82.520292
-73.943449
-88.6386678
-88.635185
-94.4451148
-85.746144
-88.0402633
-86.2876
-83.9579741
-73.364776
-73.3444
-98.763960
-77.288773
-72.556098
-111.3067860
-77.393392
-121.896894
-96.7834
-70.1999
-76.321903
-76.248044
-72.9482820
-97.754567
-72.444561
-70.441541
-122.970133
-91.8755038
-93.434730
-93.263326
-75.9112726897001
-101.7524065
-104.688547
-104.689927
-83.7975
-120.703812
-118.2564992
-87.6351848
-87.634112
-84.0206
-76.1524
-92.4154
-83.649584
-94.161898
-97.6353
-84.2508080
-70.5332692
-76.1432
-94.734617
-88.5211
-84.378551

-83.7271648
-109.465
-94.584857
-76.6688526
-76.668713
-80.0458
-76.877273
-86.864547
-87.995969
-83.9432
-94.3740951
-78.384143
-71.7494930
-90.777806
-87.8816179
-82.783171
-83.400832
-85.7559
-87.8003
-73.2844
-87.977083
-72.6008978
-121.239
-74.6563
-70.831728
-82.5542
-73.952708
-72.362190
-79.7788590
-79.9128338
-72.29545
-79.5449
-79.5432
-85.483491
-75.120970

-76.6280317
-82.9142
-122.804
-85.2707297
-74.022413
-91.0562
-82.367646
-83.2085
-89.5271
-73.6282
-73.499250
-82.517514
-74.7531790
-96.280037
-82.1403
-94.2552
-86.1117271
-90.597968
-89.81
-103.937
-122.397929
-90.0653599
-108.055
-121.6951404
-95.8831
-77.435052
-93.7935
-92.765
-95.1414
-113.983083
-71.550179
-72.0517
-72.1973950
-83.0936
-87.7767264
-76.8201
-82.8823730
-91.1491139
-86.121490
-90.0928128
-81.5983
-98.2193
-78.7993
-78.0563570
-85.743974
-92.7776
-97.9609
-97.9637
-123.521
-123.023
-81.59
-104.745369
-92.50797
-98.5181
-79.8097
-89.090178
-82.7077937
-105.097
-106.9264
-111.818
-86.3107369
-87.9116
-94.5033
-91.095446
-94.4877
-74.828514
-75.03229
-82.439
-114.3167
-81.6266
-135.466
-71.3451
-157.914948
-158.054476
-87.608253
-83.7906
-69.7899
-88.0961
-92.211029
-155.449151
-78.831018
-72.9113
-72.9082
-101.746863
-88.0161
-75.5413
-114.1583396
-93.9982743
-74.0451
-84.562816
-90.4606927
-75.6932910
-78.8531625
-77.222162
-74.802211
-81.103409
-72.4480607
-76.851717
-72.513106
-71.5778
-83.0588968
-159.492
-159.588
-121.9132794
-75.2819
-83.653004
-73.302742
-71.984782
-88.585751
-97.2072988
-87.438184
-91.3591
-72.2886
-76.982610
-70.866
-81.4957430
-111.7959181
-111.6811160
-111.608513
-84.989643
-88.2279
-85.8894
-119.722
-72.2066
-72.37151
-91.4855495
-85.2011808
-97.6831026
-83.322494
-97.696103
-119.084
-98.024686
-91.4756
-84.554213
-73.808770
-75.5782
-92.975045
-90.717654
-86.129079
-93.1172502
-70.686816
-84.8084
-116.785
-78.8708844
-94.348540
-83.4029566
-85.888994
-72.6796
-72.6775
-72.6823
-72.7111
-86.1696
-73.3934
-88.381233
-96.947438
-72.6548
-72.6900286
-83.7637
-72.3997520
-73.796099
-86.9333
-92.510212
-81.3542
-82.9308839
-71.582139
-74.8821
-73.892997
-73.9773
-73.8249
-73.9032
-73.9063
-73.9162
-73.8512
-73.946
-73.8514
-73.9429
-73.7698
-73.9197
-73.9457
-73.8189
-85.8466
-97.3447
-87.5119
-99.9363
-70.0767
-74.0752
-95.1197
-85.2891
-73.8837510
-98.389220
-75.105697
-73.943587
-73.948
-89.287734
-93.609141
-73.828125
-96.8084
-71.078779
-73.9668830
-157.8583333
-157.713935
-157.712
-159.514
-155.641
-96.488
-83.4737
-78.461762
-88.059634
-118.618
-74.1548553
-83.8179527
-92.846081
-122.372
-72.31524
-81.360033
-81.337517
-77.668037
-77.6304112
-99.3177
-97.351110
-122.084962
-91.488510
-82.984939
-75.318
-89.0275
-91.2287
-74.0426
-75.145481
-85.3418
-122.872210
-122.872536
-74.7875
-108.501459
-81.027815
-74.012961
-85.4451439
-122.413932
-73.962171
-91.8216913
-85.858190
-76.473143
-111.4144
-72.3914
-86.242558
-110.993448
-110.950394
-110.953409
-110.853261
-110.853253
-112.039
-90.5918
-86.8436
-116.970574
-98.498636
-84.2305
-81.6595
-79.5456
-124.163489
-86.9244
-82.458261
-87.5917
-82.461
-96.425425
-71.8046
-85.355
-88.3112
-85.16994
-86.694751
-89.0697
-88.9476
-122.2632755
-76.663797
-93.293452
-89.633
-85.4826
-88.385761
-92.5356
-74.9864960
-91.432855
-119.289
-68.9099783
-118.4013576
-82.6199
-89.994281
-77.3864575
-89.0275056
-97.4299
-91.6803
-95.526429
-92.924098
-92.895848
-93.310538
-73.525231
-123.08
-72.560406
-74.896
-81.6758
-110.303322
-117.260232
-73.942634
-82.5962570
-105.011230
-89.679766
-89.6683924
-79.586195
-93.1869
-74.429111
-93.6247
-98.390153
-117.193861
-87.456239
-104.98
-104.999648
-76.5672
-74.5234
-94.5353089
-145.7331153
-103.574
-98.6885
-98.6364
-98.7285
-117.1492445
-89.454803
-83.161861
-92.3180040
-83.9011
-103.864
-97.207616
-90.3401755
-89.493589
-83.611724
-77.719881
-122.987933
-122.917572
-122.977275
-122.877355
-79.090514
-71.7161
-84.6278
-122.693689
-95.649
-76.173678
-92.1060440
-74.2013
-155.087901
-155.084800
-87.837614
-73.1107
-70.888967
-89.492388
-87.9286940
-86.665225
-86.695750
-75.058694
-77.719662
-118.250147
-93.0508710
-94.417566
-83.3112036
-84.8185
-86.891911
-86.9143117
-75.147471
-75.147601
-75.149992
-94.7408857
-77.4765
-82.0088150
-96.6129760
-74.0424
-87.405321
-88.271534
-93.7088864
-85.1679
-88.414
-155.996
-99.0931
-74.6644520
-87.2586634
-74.025106
-81.3719
-89.4078
-74.629644
-79.224
-71.0182392
-71.8560140
-71.8333
-93.9908869
-99.3646
-93.725631
-86.113329
-78.5425
-78.3889
-121.4020840
-78.833509
-89.4485845
-122.618428
-118.3283
-80.1192
-121.607
-91.2652
-95.543419
-81.9173
-84.5200140
-77.0359
-88.2781962
-82.535281
-72.6404
-72.6451
-87.6297982
-76.4189600
-90.5707
-112.3444871
-76.1787381
-84.8066
-151.512342
-91.8777
-80.395503
-75.2691
-75.469
-91.151182
-120.169
-87.666767

-157.852
-86.022776
-121.515814
-71.5778
-123.677
-73.351968
-116.297
-93.592601
-97.727280
-71.391510
-71.3915177
-80.9516
-74.7639
-93.41175
-93.417104
-87.489238
-71.517770
-88.630314
-77.6601
-77.660358
-117.162
-114.668845
-107.722
-67.84067
-149.807353
-95.3912
-91.627846
-85.4701
-93.8451
-76.8381320
-76.84724
-76.84677
-76.885843
-77.026863
-76.6970067
-85.379
-83.9115
-83.931
-80.7512
-91.022
-100.440135
-89.2886
-81.9424130
-81.9327542

-83.587669
-81.4726650
-73.7836920
-81.440110
-92.703256
-85.864407
-95.5195
-77.6103980
-70.8659
-117.438
-94.216835
-110.031
-74.8712780
-80.8469470
-78.0939
-75.147040
-86.95513
-78.017230
-118.0019859
-85.488165
-118.204828
-73.4263
-85.5204
-88.4104963
-73.89167
-73.8915597
-95.550467
-86.0437
-98.234197
-83.620666
-73.5859
-94.364513
-97.550922
-84.9169182
-70.287051
-76.949848
-99.441501
-87.6046
-73.9426
-71.124244
-84.4425126
-107.233171
-81.4333
-81.792526
-95.470874
-94.8236
-112.043
-105.51
-80.6756890
-116.715
-75.044560
-89.637076
-94.5827
-87.692662
-83.074322
-87.6812
-117.131973
-123.184
-95.7425
-94.4171982
-81.151438
-91.8949732
-84.543717
-87.72504
-105.241
-74.270517
-72.5014
-84.6122
-75.32905
-79.1447
-93.5682
-90.632722
-86.137726
-118.351925
-92.4241260
-82.0901088
-122.465774
-85.7678865
-83.610420
-71.7161
-122.683
-93.064
-82.3318
-73.919942
-85.0677261
-91.529299
-93.2624
-93.264270
-70.8368810
-90.193419
-88.0664
-90.393621
-86.7083
-77.5819225
-111.872331
-117.831346
-117.7587735
-73.8667554
-86.0782
-76.408
-121.9635867
-73.9023367
-93.247
-80.4272178
-83.0124046
-68.9015
-73.2107
-122.049115
-88.419874
-84.607979
-76.4987796
-76.509434
-81.5668490
-81.8588190
-82.6639
-96.246607
-94.5627719
-72.441649
-122.965
-122.274453
-117.867
-87.665605
-105.3845
-97.105075
-89.6659726
-83.9053
-81.723175
-88.8309
-90.862319
-83.225368
-95.7452
-83.224149
-89.6671
-73.889215
-110.792249
-110.760896
-80.213
-87.611951
-87.963355
-93.0877
-87.893672
-81.4932
-85.760351
-81.6884400
-90.228951
-73.8469
-73.799557
-72.045
-98.6911
-71.3992023
-89.023327
-121.893
-93.0564
-80.9802
-84.4343796
-93.995247
-105.094
-72.439694
-84.267144
-84.3140666
-86.174004
-77.6294440
-92.190459
-93.9499
-86.83628
-80.3824
-83.572906
-88.806147
-80.7674
-75.156381
-82.8005
-72.828807
-85.737895
-85.7151
-106.724324
-106.6907100
-75.1268
-85.6389
-72.947942
-72.972879
-73.9164
-74.4585
-84.4548
-90.330641
-84.6596
-91.9039
-75.726
-98.056203
-77.6577
-114.084198
-118.954
-73.6601630
-112.461186
-76.5908
-80.078495
-75.5233
-82.350100
-81.805620
-82.798011
-93.3942
-72.6783
-78.3464
-81.8095
-93.69703
-74.373801
-82.6848560
-104.8544857
-104.8544857
-88.0815
-88.169703
-90.6608
-84.357020
-82.4728498
-67.6048901
-94.514790
-77.0727512
-80.872097
-116.3182535
-103.869896
-80.038141
-122.215648
-121.8764148
-90.192756
-96.8314
-96.8333
-88.7035
-134.4136031
-78.4171
-155.575
-119.935
-157.7380124
-157.742
-157.7415370
-121.7757953
-121.9750428
-122.0949658
-118.430064
-118.589720
-122.2565166
-117.844815
-119.781470
-121.393355
-121.429913
-121.800143
-121.9985712
-122.0832352
-122.222647
-122.442934
-118.293738
-122.439480
-122.2484432
-122.0608974
-157.855564
-159.527
-85.575044
-157.869950
-114.306
-85.178275
-111.281
-157.871842
-81.814974
-155.662467
-112.5267
-93.7932746
-157.809836
-87.8785
-87.863989
-87.86395
-97.425572
-97.242456
-97.2661532
-159.321
-158.068520
-149.9
-92.262023
-159.396482
-159.469167
-83.9813
-157.877933
-94.575908
-157.799
-94.750481
-94.654836
-94.624308
-155.039
-99.084957
-99.081703
-155.961611
-87.477110
-73.786935
-73.480927
-159.718
-155.6287506
-97.243807
-122.876
-122.877161
-95.0212
-110.537704
-151.261
-85.265532
-116.647
-76.619285
-78.8698
-70.542994
-71.171236
-73.6659437
-84.6148266
-118.281
-90.0562
-75.7112962
-119.117
-146.348
-145.476
-122.443
-87.8206
-87.8342
-87.8311
-87.8215
-87.813957
-87.818060
-77.072332
-83.634008
-73.9500000
-122.237
-73.4478
-76.339118
-83.609734
-85.5954701
-122.550344
-91.381762
-91.9552
-80.0725130
-121.414
-80.6085620
-114.3637219
-87.452972
-80.1647
-74.205798
-80.4381
-78.7613
-88.0343
-159.406
-84.2148431
-92.357
-73.699830
-77.0231
-121.123753
-121.531
-80.341586
-76.6175
-77.202800
-77.060783
-120.15
-93.278142
-70.2238
-114.057378
-73.2549800
-83.1816
-85.5362
-82.5648
-122.4969392
-74.019467
-87.0965400
-77.135729
-79.686532
-155.070111111111
-99.419852
-74.8234
-122.2088210
-92.584302
-90.4024
-81.4042
-70.736542
-120.547
-75.6975
-121.779885
-72.2005
-85.5245
-83.2004
-82.9796
-86.6206576
-83.960966
-84.0706129
-83.9883144
-93.097039
-86.133519
-84.567481
-159.465
-155.916
-156.002593
-75.4233
-116.029
-116.792
-116.787
-81.813049
-85.8379
-94.0956
-89.623096
-112.134509
-159.393
-116.415209
-92.5537
-75.1694
-88.444
-118.292
-118.236
-121.448
-118.24
-118.331
-118.324
-118.34
-118.374
-118.26
-118.282
-119.016
-75.5722
-118.198
-118.375266
-118.377144
-91.3064796
-73.894306
-87.755263
-118.096306
-87.8696183
-85.3796
-117.272
-73.9437
-73.9438
-117.022129
-76.978626
-77.4797785
-110.975
-64.7789
-106.664
-122.671
-122.824
-71.468591
-71.470817
-99.3115
-93.5726
-93.716878
-93.880845
-93.953488
-92.042045
-122.118
-105.093970
-92.0230179
-92.0156
-90.571638
-85.4141
-117.781678
-117.704869
-117.708279
-97.309153
-94.1992
-117.19
-88.183818
-122.2976645
-79.754055
-81.698967
-82.635341
-84.2792
-122.280325
-85.709329
-81.323783
-81.328375
-93.6021
-88.907965
-80.9816
-121.0664289
-121.123
-83.23849
-122.664716
-73.99805
-73.988205
-90.770229
-81.588227
-85.484529
-80.0386
-88.1092
-74.3228
-81.955223
-122.839
-95.1140916
-95.851604
-81.878845
-70.4356
-118.440444
-77.470522
-93.2429
-118.142220
-81.8042660
-81.800894
-105.099496
-79.3262036
-82.43
-92.3814
-88.1059
-72.5984
-93.933204
-98.286373
-119.753
-87.5338799
-89.832725
-76.3064763
-75.4309
-76.300673
-71.6583
-82.6067
-71.5706
-78.693695
-89.2183
-108.745862
-108.7392146
-75.021991
-104.899871
-123.104448
-123.091540
-91.976423
-122.413
-75.281208
-75.272543
-84.5480353
-84.5471549
-76.5033848
-86.7215
-105.5890518
-118.324
-73.761381
-105.0798
-104.972
-122.564
-80.1396989
-115.11
-115.2873300
-115.321674
-115.3215162
-115.2699636
-105.227542
-89.097
-120.660774
-86.5645725
-94.3211
-83.2202238
-79.3795
-114.365
-155.234
-108.771149
-89.130033
-76.8439
-82.0151
-78.835
-83.1038038
-87.7238
-118.354
-87.3368
-87.685
-82.6032
-87.285562
-86.047121
-71.1600763
-71.1660442
-71.1683010
-95.234356
-95.237968
-73.9048479
-83.9872750
-77.853212
-79.9607473
-94.2043
-98.421047
-123.483235
-96.1697
-96.1156
-77.9859128
-88.880917
-82.9988
-73.9002169
-120.661
-94.917787
-86.4680447
-122.9070482
-86.2921
-84.2102
-76.4263
-72.212877
-92.662683
-72.2513957
-85.255667
-73.390796
-95.8638
-72.0161508
-73.2497
-71.0060464
-86.54514
-77.565834
-81.877692
-75.9675601
-98.465436
-71.9091700
-78.4298
-85.756385
-90.9043
-113.897794
-77.817042
-119.786
-89.8237208
-94.785277
-84.236501
-77.582762
-81.5410740
-73.283228
-75.755324
-76.1745
-71.760614
-83.8009
-84.6172030
-119.601
-100.846
-122.9543076
-83.318795
-75.500665
-80.443128
-76.9073
-117.024921
-70.2198
-70.2137
-109.414827
-79.443159
-80.2519
-74.380107
-99.7416145
-93.165650
-71.222374
-81.2288
-115.5630777
-100.922
-80.2084333
-110.9592
-110.9691098
-104.796
-117.1033
-75.142320
-94.4445687
-82.5863
-79.2507333
-84.081967
-78.8112
-77.6114
-92.282836
-124.017440
-124.044768
-82.1052
-84.6263408
-81.241818
-81.025804
-81.2588414
-114.450808
-114.5149
-68.4267
-96.710672
-118.215184
-97.280894
-121.276992
-73.9227384
-87.6709
-83.177546
-92.1388546
-96.6817
-80.13394
-87.8054
-92.175744
-84.5837
-81.313401
-69.0086
-117.170726
-83.7814
-111.716
-92.8913
-86.808933
-92.9096
-87.149087
-105.676
-156.4525780
-97.6814
-71.911
-91.4035
-72.018168
-88.076118
-73.193256
-73.215132
-84.108364
-76.30116
-96.8873756
-74.2335
-74.8583
-94.361
-107.606
-80.085133
-88.5355
-78.6112490
-92.2661212
-113.475
-71.7703
-121.990419
-121.768
-121.768545
-121.7720489
-74.3151
-88.1884
-90.9632
-90.216589
-110.556745
-94.947
-83.331995
-122.6573311
-118.2436849
-85.597524
-78.826847
-95.0582582
-81.2465
-90.336994
-72.556930
-99.1337
-82.2942024
-81.9414
-71.5778
-95.5888
-97.6721
-78.6919
-88.0548868
-81.568155
-73.6056
-121.261
-121.263
-89.53785
-83.7617721
-86.8868
-87.704973
-86.365328
-88.4325561
-120.459
-83.4491
-84.081006
-91.957181
-97.942188
-104.885
-118.194516
-89.1505733
-118.1116
-118.184678
-77.531572
-73.956
-75.1851
-99.7011
-74.7798
-82.6428
-75.526447
-123.485634
-85.3579536
-85.1475406
-77.2141457
-106.304247
-122.1173552
-120.846041
-120.847
-121.983407
-121.984
-106.7010000
-106.654254
-94.5417188
-78.0042
-91.062659
-85.4930950
-105.1306795
-75.0963
-74.8819
-82.3867
-84.2599240
-105.0792245
-70.8885
-108.387905
-78.7475
-87.6642330
-85.337798
-87.421560
-81.0994
-71.313587
-75.6116
-73.981773
-73.9834
-77.8028
-74.937
-117.5265110
-120.0129422
-104.897
-86.6811
-104.8969534
-75.491021
-90.496144
-87.661036
-93.660454
-157.858
-90.1786
-86.447843
-72.689924
-74.8169
-71.7246
-78.4595
-104.453
-80.9901
-75.5123
-96.2051
-72.3357580
-79.1401950
-79.5481
-122.451717
-72.004983
-85.6124240
-72.005
-85.648127
-70.943780
-121.972
-98.2103
-75.356929
-75.3611
-90.1906
-87.620522
-84.5753731
-77.307841
-81.486
-121.429056
-114.282
-90.671003
-85.693445
-86.0117
-83.6832
-75.549502
-122.306
-71.5778
-103.236294
-84.361117
-84.363859
-94.40926
-120.060730
-86.741778
-82.55427
-94.013604
-86.598946
-78.262053
-93.7408
-90.2927069
-111.731129
-85.3831
-96.1754168
-72.6302
-82.7353
-74.416769
-121.1385911
-122.295403
-97.036802
-83.0702
-90.4587
-122.3996304
-121.335
-157.741
-71.3752
-70.5404
-92.9592
-76.9896
-98.49381
-96.4757041
-88.4525322
-88.451014
-90.3305856
-83.0672
-96.5051
-89.389356
-82.1066
-71.4664
-77.238810
-85.3035113
-88.9496
-88.426938
-98.5793149
-77.238736
-80.245
-120.8012
-78.1925
-95.4504829
-92.658289
-90.749087
-88.0836305555556
-106.832
-94.4613
-119.647262
-75.001726
-71.0496975
-88.071299
-93.496054
-81.0357
-90.1768
-84.8008
-87.6949
-82.9966
-104.521394
-86.3902700
-74.260122
-103.2258740
-81.782923
-75.1500467
-84.5202979
-81.9454
-87.954676
-85.9547
-81.3671
-81.2792
-156.311
-158.070177
-158.182357
-157.836433
-154.971986
-82.401
-73.928182
-71.072949
-118.69
-74.327326
-73.789594
-92.991
-118.982
-118.976
-155.086
-84.0333
-77.685336
-85.059364
-72.5688
-71.4601766
-91.4543
-72.5205
-71.459973
-73.0529770
-86.087634
-108.288
-100.911
-81.6259
-90.0648
-89.217966
-99.5674
-118.409
-111.333325
-86.323001
-86.243595
-104.912813
-93.950658
-75.9842
-80.2121
-157.808238
-71.218
-94.250565
-97.134052
-77.0768661797047
-120.155979
-94.539507
-121.2198502
-87.835283
-93.4841
-123.933613
-93.9707
-122.0214758
-74.2724
-90.6491555
-118.431172
-111.212487
-73.8666670
-83.876818
-70.861983
-92.9482526
-81.726050
-88.6121
-74.5203
-86.200018
-111.3077240
-85.225285
-90.758
-76.54646
-84.549494
-122.354608
-122.508
-121.797645
-82.501097
-87.6279
-122.539671
-81.518052
-79.1937
-88.0195734
-91.5992576
-88.9305
-82.177074
-83.122972
-85.676091
-88.9569253
-119.9664
-86.7849
-76.7363
-83.0082
-111.89
-105.1
-86.035248
-81.520422
-75.2030576
-87.856338
-119.274231
-78.9390094
-80.6061
-76.3358
-77.7202753
-90.3328
-88.5575090
-91.097
-94.228835
-94.186900
-82.9058
-88.062741
-88.0625525
-82.6815
-71.981844
-88.174004
-88.2701
-107.846111
-84.559388
-88.1933
-84.3424
-85.2502966
-77.0163
-73.847538
-79.664057
-83.919271
-83.9192661
-95.557366
-90.070346
-86.1281
-123.0207983
-82.0303
-85.618732
-73.4092140
-92.06615
-79.6812
-72.4642
-95.1114
-80.0516
-88.6698
-84.956978
-84.959151
-86.7796
-95.790891
-93.196678
-80.7257
-89.667728
-70.717535
-92.920421
-116.801
-88.8505
-94.586592
-77.0913
-74.903750
-122.1364638
-90.9791
-80.1935
-77.128471
-121.592
-122.177576
-96.6492
-89.9500804
-83.969504
-89.7981
-70.4814
-84.442600
-81.9503
-82.1316
-79.895904
-71.059773
-74.876842
-74.893325
-81.5207
-76.3215915
-71.0939548
-80.722017
-86.35873
-88.358782
-156.466
-156.466
-121.082
-95.315881
-121.8442756
-80.2406
-105.477910
-71.458801
-82.7075
-83.2292
-88.5638
-87.8365
-89.7946
-73.888
-98.2419797
-116.095
-79.469020
-100.443131
-90.451993
-83.7844
-100.626
-82.2939
-77.0749236
-89.2934
-73.943357
-88.2643
-124.101962
-121.826926
-87.1270414
-77.1905100
-84.567284
-123.197
-123.19
-97.673908
-86.1668490
-73.2541579
-80.1534
-76.9839
-91.2527
-71.3061852
-90.346674
-90.332954
-71.106033
-122.837
-75.3867127
-102.176734
-81.8636
-71.4292
-107.9192204
-80.8752
-80.8446
-80.844531
-91.9085
-93.241759
-100.749
-79.997533
-71.064284
-118.373
-71.070378
-83.184570
-104.795
-80.1814
-90.0607888
-88.450606
-74.585186
-123.7974
-77.502426
-89.1156
-117.195
-117.167
-122.184100
-87.614851
-87.6039237
-88.117313
-88.117535
-91.921551
-85.589
-81.354842
-96.141872
-81.361
-66.613138
-66.117209
-67.2363
-121.541646
-106.467575

-84.847281
-93.5767
-81.0272
-122.235042
-80.2395773
-75.0490757
-97.5969
-72.8049
-116.299
-116.354
-84.415825
-88.6971
-77.6822
-94.6948
-89.684
-71.0034
-71.488224
-111.830862
-89.3629
-79.9722
-85.609732
-120.276
-104.989168
-85.72025
-73.155942
-74.364472
-76.2113
-91.8906487
-80.294030
-84.2404
-86.069521
-80.4368
-89.916088
-89.516816
-82.801192
-84.3929595
-96.161694
-70.9090896695852
-70.912916
-77.7388
-77.0848
-73.1702102
-73.162210
-73.1699403
-73.1213
-81.0766
-78.4878
-76.5771
-74.4121
-71.0148
-116.618
-89.5271
-122.56
-72.6662
-77.544774
-85.4647
-84.247490
-83.712
-102.0924129
-78.642449
-95.3664
-93.238700
-90.307251
-119.050682
-83.7402
-88.753863
-67.8900241
-104.904494
-105.840096
-81.4768
-72.9984
-73.057634
-83.599662
-74.809264
-71.5282
-71.513376
-71.6674228
-71.6489836
-75.428176
-158.017902
-158.0152807
-93.256278
-71.3161718
-94.130402
-122.391
-73.6965
-74.3109
-83.224579
-81.936127
-87.2661954
-81.9175
-76.3618026
-73.511549
-77.7816
-77.4767
-89.891145
-82.8266
-82.565521
-75.116569
-117.285403
-121.8953510
-71.067032
-73.121241
-75.310511
-118.382
-88.004359
-87.945932
-122.642
-107.94
-119.766
-98.9463
-79.007519
-77.907787
-90.186582
-81.1025950
-113.761
-93.2867112
-93.271093
-76.950947
-93.464747
-85.3969
-89.7501887
-101.316
-80.6548
-122.408
-123.824
-122.390470
-122.4149417
-94.6512054
-71.105022
-89.2847
-90.176134
-90.176081
-113.992113
-92.8440931
-110.6683537
-82.063167
-87.9372
-109.5527258
-92.4382367

-87.3244
-80.5630901
-120.987802
-74.377823
-157.017
-87.6636438
-112.269
-80.003717
-95.696240
-93.925624
-90.6482
-91.3898
-89.3175
-79.930957
-89.6398886
-83.39378
-75.1941
-92.8041
-85.683440
-90.1463
-90.2048
-92.0013
-84.298430
-83.3952123
-80.5473870
-74.200308
-92.108130
-75.194625
-83.7122260
-77.5884889
-118.001
-72.320326
-86.3574
-122.584350
-117.69
-122.2105349
-117.6916381
-106.145805
-119.645
-73.8603
-73.8789
-73.202859
-121.9270394
-86.862893
-95.7271
-76.767311
-82.561093
-93.5781
-87.2665
-83.955288
-79.89513
-86.2952
-74.6498
-72.659422
-84.353789
-84.363070
-77.2015
-83.869492
-86.7625086
-91.185
-93.7992390
-88.5718
-76.847748
-76.9205
-76.722980
-107.8756668
-119.713
-91.4159
-76.8285523
-104.840856
-77.4687
-80.1842
-79.4601
-101.966
-78.6399375
-80.8119
-93.297285
-105.330218
-122.127796
-76.4208
-92.8071
-76.7198
-122.6517266
-117.272
-105.271168
-84.5863
-81.848132
-86.4285795
-86.3796098
-86.986876
-121.652208
-75.3123277777778
-87.5544
-77.8254
-81.68156
-81.6884880
-79.9537900
-79.953720
-89.810196
-84.3523
-76.8516
-103.912818
-95.9133008
-74.489945
-75.2444
-73.2106
-74.478628
-89.964713
-74.478142
-83.292208
-72.661686
-75.6401
-120.85
-120.859
-89.462593
-87.7817274
-77.229791
-117.0014061
-117.0005
-121.3996920
-89.7587000
-93.567479
-157.858492
-69.3801
-97.5248200
-77.1542
-80.614308
-89.978008
-82.868009
-82.881506
-73.8686
-118.985
-81.016790
-71.2568820
-78.643629
-76.4986
-73.7269
-86.6302
-89.4357
-77.8726
-77.7046
-79.873400
-77.038675
-76.9603
-73.952043
-91.4158000
-95.2214646
-122.311832
-95.221391
-93.818540
-73.834305
-121.883547
-81.7998
-79.4096400
-92.2559571
-115.696
-92.3724
-77.2783
-110.271
-112.2013984
-120.4100110
-122.074677
-91.703172
-149.814174
-106.772518
-106.242158
-150.118018
-96.0738
-78.908268
-81.3426
-82.8257
-86.6303
-80.0478
-75.196156
-80.6077
-81.8
-89.735821
-86.510983
-89.4319
-73.942773
-73.8436
-91.547312
-84.779669
-84.780045
-87.9372908
-122.313401
-72.524550
-87.884274
-76.6501
-87.1276
-87.1783
-122.3049
-88.338621
-83.646551
-83.628616
-149.7431678
-85.4106750
-88.0025283
-86.653401
-81.441095
-87.505723
-89.335786
-111.936023
-117.212105
-91.0679255
-91.0432051
-73.726459
-86.250109
-95.3731
-97.7159
-81.761504
-149.113628
-77.565227
-78.8824
-71.9735
-71.9471
-94.6576128
-116.5578006
-122.285
-122.279588
-70.604
-66.321158
-75.0581
-106.358
-89.3902
-86.8858
-86.8492
-86.812
-86.7892
-86.2458828
-86.7848
-71.3460359
-71.3460359
-117.106
-97.4767216
-82.977836
-121.632055
-99.0235
-121.4965054
-106.363
-95.3458
-82.7894
-73.0734
-96.4597
-96.088
-75.31196
-74.169
-81.608706
-91.6993
-95.8552
-71.236446
-88.459157
-93.5156905
-115.548786
-90.596173
-98.0298
-78.87131
-82.231891
-95.836122
-149.096
-94.3694
-73.1569040
-89.0859383
-123.982222
-74.7133
-71.462311
-121.0775652
-121.180434
-121.026596
-121.017194
-121.026
-93.3757
-94.3546719
-85.82095
-82.815383
-74.003220
-82.7344481
-70.923644
-70.928587
-70.924564
-70.928561
-70.93256
-88.116283
-77.041454
-71.6914861
-72.1141
-98.1249
-72.779
-74.444572
-73.492033
-84.025048
-73.5676908
-85.7457
-122.715627
-81.7371
-71.1722886
-76.6814
-76.696268
-75.755475
-70.289
-92.3154
-87.5314
-72.9752
-83.8845580
-72.9268326
-72.9089
-85.016707
-91.214845
-77.410676
-88.0929
-93.38403
-85.606
-84.266
-88.011489
-87.9799
-81.5906
-94.943233
-72.094023
-72.1038034
-72.102904
-73.4114
-77.070101
-76.988105
-77.070128
-74.087700
-93.5244
-74.403942
-92.5357
-73.790535
-70.129
-80.9013032
-76.8825
-80.3331
-73.880696
-121.998246
-77.09458
-76.183963
-85.799049
-122.975
-82.6104202866554
-85.5092
-74.019356
-97.6008
-80.7345
-78.7091315
-70.8541706
-70.9364450
-124.0543361
-72.174168
-76.4223
-72.2051022
-93.186362
-93.192519
-71.216376
-71.2132
-79.040395
-82.4157
-76.3519797474146
-86.2588
-82.0231
-120.552313
-105.169
-93.2948
-70.6379580
-106.600449
-86.019368
-105.0775856
-94.8739
-122.429
-91.656845
-110.939547
-89.2833
-86.6727292
-80.7825
-84.211959
-84.0235
-97.431307
-97.420492
-73.1978730
-97.4373
-80.1287
-122.402709
-75.135520
-75.3446
-72.5344
-82.5664
-77.924030
-79.015829
-122.410913
-76.539
-96.7828
-121.7843
-122.2692423
-88.8357
-92.9826
-78.867126
-81.4024
-87.8168
-73.8838
-99.8647
-99.8625258
-97.0783
-79.9831924
-77.7938
-90.196186
-73.985525
-79.8346
-89.081
-82.5235830
-72.652000
-82.5247140
-93.6205
-73.676923
-72.7191
-68.8735
-118.399
-93.1994533
-94.57233
-118.194
-85.763837
-83.0043304
-80.8893
-80.1832
-78.683173
-81.7707
-122.2767591
-117.1300547
-123.001725
-74.428
-100.762034
-82.206423
-101.295598
-100.926
-102.24
-102.137
-102.397
-71.0348
-78.588660
-81.7245
-117.067097
-71.585906
-111.892551
-79.5834
-77.660955
-76.777025
-77.4055960
-77.4072103
-79.5435
-101.715
-78.870528
-72.3998
-123.313
-81.391704
-81.4891619
-81.950408
-81.681848
-81.5911402
-81.617533
-81.607019
-81.589906
-92.3263752
-72.6322
-72.6306
-72.630195
-72.655746
-87.8286573
-80.8965
-94.5456169
-83.5231858
-83.825185
-83.4268816
-68.285231
-83.324926
-83.5262372
-93.2616520
-117.9057644
-75.1407
-93.163741
-72.656830
-72.450929
-104.903
-104.991182
-73.351584
-85.613059
-73.308946
-118.5562362
-73.941
-99.7303
-84.539695
-89.471969
-80.645004
-83.483326
-74.1702
-149.112
-83.2236095
-73.082042
-88.408442
-93.2183
-99.8844
-82.629976
-73.4178
-73.4077
-73.4437
-93.6798
-82.617223
-118.082
-73.4329
-70.544810
-72.078720
-72.317164
-75.523491
-72.3079070
-108.2895601
-71.2004066
-74.993503
-71.1016920
-83.9224514
-80.8625
-95.635868
-95.6296737
-88.568001
-101.503
-94.877911
-121.942
-77.9425
-74.154584
-73.920350
-73.9190023
-85.3735540
-87.737355
-94.6207310
-83.1468
-122.647637
-87.751487
-77.3146170
-77.3142595
-121.4699
-87.786786
-84.2401994
-71.1691939
-80.3232143
-120.848
-120.815
-92.9649
-85.0357572
-119.649
-83.0773111
-122.196
-83.3354771
-74.244576
-82.518663
-75.310837
-122.604
-122.465
-84.1698
-100.528829
-92.765978
-82.2166500
-82.9315
-89.055838
-75.645576
-82.135651
-122.9475093
-117.250160
-75.0531
-74.572082
-124.1562852
-88.8274
-117.3802623
-80.0403
-117.381063
-83.475289
-83.4097748
-83.408395
-88.497125
-91.9082
-101.7182311
-77.824819
-75.500513
-75.495440
-75.490211
-83.111168
-68.814688
-80.7422347
-80.866729
-84.275529
-84.306319
-79.499731
-122.687867
-119.244
-86.6187
-119.571296
-119.530408
-89.550447
-97.5024
-95.9726596
-122.5587080
-94.7454
-75.9839
-117.6622076
-89.650671
-96.647798
-104.861
-74.9749470
-73.5718238
-77.5741
-118.192843
-85.7584
-82.2681
-121.895
-73.213842
-122.2732574
-82.766
-117.0361398
-70.7796580
-72.3761
-87.9236
-157.827226
-94.0414
-77.043015
-96.9955
-124.164283
-81.025782
-97.3275423
-116.302435
-124.416226
-118.518215
-94.622113
-111.925090
-117.151107
-89.8277877
-117.856350
-93.6829
-81.516
-76.663405
-74.68683
-88.080289
-74.514
-80.0887
-90.4348795
-89.473460
-81.6975
-77.058622
-75.1446116
-122.902499
-96.0138738
-95.9560958
-96.0137770
-95.930354
-96.0806
-88.7109
-88.738070
-115.151709
-93.659435
-84.2239
-77.454319
-75.2238804
-88.202341
-75.6667
-90.2233003
-75.0615812
-75.062033
-75.061566
-77.338622
-77.493234
-85.060308
-76.9695
-84.179327
-93.7153193
-86.2571
-110.789
-96.05941
-73.0210587
-78.1108
-86.6210467
-86.4683210
-86.4683210
-119.314
-81.701986
-117.313
-121.207654
-89.6505
-122.9069009
-112.0679212
-73.9273
-114.041583
-78.7729450
-120.419
-89.3513
-122.597947
-122.597822
-89.3836
-89.332685
-89.3323279
-89.253301
-81.4311
-76.696157
-71.117550
-84.145676
-86.1535
-120.4852608
-122.189
-83.233860
-81.370778
-78.386261
-78.202680
-99.4498
-69.99411
-69.988846
-81.055484
-116.256676
-68.6734
-121.541
-81.7667
-122.205464
-92.608413
-92.8139
-95.2463

-92.705212
-97.4942
-88.537573
-88.537461
-88.540004
-92.6419
-92.6495
-88.6430842
-71.1649423
-70.3873
-97.581763
-88.338849
-76.509604
-119.189
-73.031942
-85.6983134
-75.9031
-88.8421
-84.0476
-94.880196
-95.2678
-75.17261
-92.4259
-95.9233
-84.604756
-76.758910
-73.3725286
-107.672
-71.800911
-75.254
-90.3618731
-94.6700396
-99.5378
-89.983001
-95.8485
-76.260298
-84.841835
-86.768538
-90.5632
-87.0975
-91.487223
-76.7706873
-84.171
-84.1732
-83.666923
-75.090260
-89.570947
-71.8639
-78.5866163
-84.742070
-83.2656520
-75.979518
-119.180102
-73.5330693
-93.2051789
-85.6402
-92.5603
-93.205114
-91.398622
-117.254513
-117.2536469
-123.9607490
-121.9166956
-118.535
-88.5965000
-80.4131
-107.050777
-101.269
-156.3756935
-81.2451655
-111.227557
-77.092384
-74.596497
-87.215867
-88.047446
-77.0966
-73.9177
-80.104843
-116.400311
-116.520945
-82.660491
-104.877
-75.1326
-72.631590
-77.230691
-76.5884690
-76.589127
-98.543052
-122.159051
-157.797284
-87.7961780
-87.7831286
-118.373725
-93.6295
-155.061
-94.878488
-93.746796
-121.624
-90.489780
-118.151223
-74.059369
-93.7304148
-84.2525869
-93.2662
-119.241
-76.67596
-79.0574029
-95.0599924
-87.8334
-111.4961416
-86.162703
-121.374
-73.8626362
-104.784
-104.761
-81.562490
-80.239001
-122.534700
-122.534755
-76.951110
-94.683086
-119.526
-122.457754
-95.2595140
-118.144119
-118.0917703
-118.143926
-88.5561272
-119.092
-120.691
-83.5101
-110.756
-82.6774
-74.150787
-80.2384
-121.1425792
-74.256516
-84.725871
-84.725959
-95.6832
-79.122570
-89.4784
-71.399990
-71.393785
-71.9248
-88.0966
-116.935907
-94.7629
-111.327760
-76.9970500
-70.928350
-79.094455
-74.9416
-89.800174
-95.429496
-72.169409
-84.586675
-80.444319
-84.386034
-80.719213
-98.480184
-95.97561
-82.999886
-89.836115
-95.2835
-157.941677
-94.4574080
-84.2244
-98.085816
-79.814
-73.9226448
-73.919085
-89.6495
-92.918792
-84.783936
-97.2437
-71.58833
-117.163
-79.3209
-84.3337538
-85.7515
-82.7816
-118.781
-76.392022
-75.921063
-121.192
-74.796877
-76.8847
-87.2409
-86.433138
-122.644825
-82.0757
-117.0936101
-89.610147
-89.588621
-71.588180
-94.3079
-87.417362
-75.292772
-102.15
-117.228
-87.301183
-92.798516
-87.8426
-83.206353
-82.299305
-83.582568
-84.219066
-94.1061
-97.3295
-78.002954
-83.7318893
-95.391621
-67.0749
-83.6300200
-76.078226
-78.9814539
-122.3831719
-89.2601
-122.636797
-122.637103
-120.501403
-71.7161
-89.849367
-111.876
-72.186669
-77.0250472
-90.391476
-80.256362
-97.606001
-98.1816051
-75.709706
-78.2206
-90.395800
-82.531357
-70.3420646
-72.1421
-73.649443
-122.353297
-85.733185
-112.073140
-75.518758
-75.1391
-89.6619
-93.1707
-82.9468
-88.093797
-82.753828
-84.355447
-80.654240
-80.625293
-80.581438
-79.992657
-94.004404
-97.528407
-80.6728
-90.182874
-76.6367416
-77.118914
-87.2749235
-82.827699
-83.017869
-82.990343
-122.328889
-122.341986
-122.137330
-122.336880
-76.7236
-82.516149
-118.834
-87.6469
-83.9452
-89.3941
-74.3003420
-92.971301
-74.4770163
-94.4018273
-87.0229
-80.286264
-71.8005373
-109.860342
-81.537
-76.71448
-98.9117
-122.2896301
-85.9713834
-122.332888
-84.238572
-73.895438
-77.3948
-79.2055
-86.4862817
-95.769944
-94.7048169
-121.8838954
-79.9805948
-69.385164
-71.5778
-83.700557
-77.535667
-75.7905
-90.131
-122.266792
-120.796286
-83.26707
-81.351092
-86.4005705
-71.9181
-83.803406
-114.896
-71.338617
-85.6451219
-71.5778
-87.6605799
-82.1318310
-82.1227
-82.1898
-107.9609270
-94.7692
-99.1158
-104.953798
-74.1042
-90.4815
-90.441
-73.4516
-73.445664
-95.9078225
-118.421939
-74.9587416
-79.7092
-110.892
-122.0622640
-119.050671
-73.8047
-121.8764190
-81.206861
-73.784332
-73.7922585
-87.3021
-75.146537
-83.4709
-87.9616889
-86.307620
-70.626472
-70.6556
-70.6664
-120.847706
-71.686886
-79.840089
-79.840089
-80.0643019
-94.6677
-73.8958435
-73.5820977
-74.0499730
-122.8053238
-122.385099
-158.188426
-70.4116814
-93.713658
-123.316846
-94.236379
-114.1641560
-117.75
-73.8146481
-80.1243
-97.0664
-84.364596
-88.628770
-94.797327
-81.263666
-77.411706
-75.5064
-95.395875
-93.1538063
-85.390463
-123.430944
-82.9948317
-73.661339
-87.222
-87.8001
-73.4591401
-118.531
-72.8546
-74.6926630
-122.634025
-124.493
-80.6923
-82.543109
-122.352070
-76.9310420
-122.760390
-76.487492
-73.702532
-91.383
-87.1713960
-85.586645
-87.762385
-89.4613760
-103.339
-88.377348
-72.5774
-84.9036
-122.6868880
-122.6585746
-122.5685894
-122.6903025
-122.6786220
-122.6850889
-122.6825474
-84.976
-84.9805
-122.685802
-70.271919
-70.256083
-70.2589011
-112.453
-70.7535534
-76.300908
-77.204468
-74.9850133
-96.9657
-77.978959
-75.6473
-76.1947
-73.930864
-73.940010
-122.649224
-73.236105
-83.0748408
-83.9343
-108.757
-102.647
-75.1094630
-87.5181730
-77.817293
-89.403090
-93.236140
-89.2702544
-91.149952
-83.1589077
-91.447156
-77.2890630
-86.4523
-75.421282
-88.5606
-96.078236
-112.453003
-112.479484
-68.009300
-90.4115
-71.9841
-110.8088043
-116.908
-95.6269
-77.287352
-77.8623
-75.7708
-67.571990
-87.5757
-93.579974
-74.6605145
-89.464793
-89.124066
-120.8422335
-87.6292
-122.489555
-95.013901
-77.6193330
-85.592488
-119.7653
-92.090930
-71.411784
-71.418959
-70.1876201
-111.668
-87.6046
-74.001176
-116.353092
-123.718
-104.62
-106.020727
-106.403273
-123.383954
-92.201622
-78.8296
-80.7792887
-117.179
-91.5290438
-82.050451
-82.055929
-86.2428794
-86.8664
-92.9776
-71.9214
-81.995540
-72.541118
-72.5227336
-122.2939
-75.3307565
-77.349926
-98.480976
-122.357601
-157.816380
-73.826430
-73.7991
-73.683081
-105.601
-120.950176
-71.00002
-87.823
-80.557664
-85.6588
-122.416013
-78.639386
-79.954
-83.1135499
-108.4961705
-116.8821
-93.4498600
-74.145931
-74.145931
-107.166
-117.046657
-117.67
-104.6747807
-117.196585536003
-117.578
-76.779059
-85.448824
-90.968122
-75.6651
-72.656
-88.158932
-105.736
-116.889
-98.9127
-87.7816
-86.3320976
-107.239
-97.0906
-71.165904
-94.453098
-111.91
-94.463531
-73.9253918
-73.935753
-75.159307

-78.4648828
-71.825397
-71.8498507
-71.7663802
-71.8163590
-71.8136760
-71.7882780
-71.7583190
-71.775521
-71.801112
-71.7955360
-71.7818616
-71.8255759
-71.7930315
-71.831354
-71.7963682
-71.8002647
-71.8109548
-71.8215530
-97.359844
-81.6036
-88.1436471641064
-122.23
-122.235
-84.287205
-74.009
-77.020653
-109.248157
-76.007506
-95.228162
-98.4944
-106.632543
-91.106984
-91.185794
-91.121582
-91.155456
-91.138976
-105.544
-92.537601
-122.391
-83.297825
-117.1803062
-117.1814349
-121.182
-118.389509
-124.044
-122.232387
-122.701
-123.207
-119.452
-89.993406
-71.2423
-75.092
-76.8276
-87.1514
-77.6621
-98.3686
-75.7685
-76.1423
-97.9339
-119.913
-73.6772
-87.1501069
-122.208506
-69.0064
-93.206
-77.3570028
-71.0136310
-111.780689
-82.8046203
-78.8882
-73.9102070
-73.9089610
-76.995497
-91.7334
-95.410252
-82.4725
-96.7430550
-93.2660508
-93.267766
-74.984285
-72.672031
-90.385608
-90.3866921
-80.9743
-104.1580184
-88.2291
-91.8856
-85.444267
-81.7976
-122.346713
-72.9968490
-84.893388
-122.3571356
-77.4666
-85.171650
-73.4936
-87.685197
-77.194525
-73.906193
-97.0659
-97.4583
-107.749
-107.786
-80.838621
-81.1442720
-100.339
-110.7235950
-72.036
-81.4672
-124.105
-106.784
-90.8294
-83.8086607
-84.854
-92.191917
-81.041563
-75.170879
-84.5385
-81.4479
-88.2503532
-95.8531
-95.8223
-92.6256
-92.630242
-90.9051
-119.826565
-123.8302194
-90.539922
-77.4036828
-74.010429
-97.370726
-120.952761
-86.808493
-73.9131097
-74.315
-76.935311
-73.9031286
-91.0996
-77.949853
-72.6566
-81.6762903
-117.416200
-87.8201027
-86.9012
-90.2462353
-85.1359
-74.043696

-87.0462
-93.160568
-87.9007
-112.006653
-85.373322
-77.7029
-74.625535
-84.557140
-73.9149219
-86.878407
-79.0085025
-87.759501
-71.4512938
-89.3327
-89.069453
-71.029937
-92.461174
-92.457516
-92.478747
-70.8226
-72.808149
-123.051
-89.0994
-99.5374132
-89.695
-74.5964929
-96.1695
-109.218
-93.1573
-79.4230200
-84.4205
-84.3316
-73.980560
-89.0903409
-85.560550
-111.15
-79.695455
-79.774713
-69.1084680
-121.297
-121.191
-85.053094
-69.0815
-97.0335
-89.0671
-73.6278794
-77.1492295
-87.1625
-96.4597089
-75.518698
-77.8023
-79.8921
-112.188004
-72.9239102
-75.469507
-75.485142
-81.815337
-83.816
-82.471
-94.1456080
-93.5519650
-82.9054
-123.169731
-122.6905
-122.8579350
-122.714324
-122.704432
-99.843177
-94.52774
-91.780263
-88.0251051
-85.3770500
-75.458
-89.810538
-78.701699
-83.393887
-80.4612
-73.5908479
-109.992967
-91.403483
-76.847225
-76.980076
-76.3794
-80.253582
-73.7266
-74.912180
-89.0127
-84.592886
-84.1162
-95.3406678
-95.791329
-95.760881
-96.8546
-93.0877
-74.0757
-82.077
-121.266
-121.247
-121.311
-121.911
-71.128321
-120.993868
-73.6628
-80.036187
-77.0725
-122.075
-84.358985
-64.9326
-102.793
-97.687978
-96.7556
-76.9542390
-90.987401
-75.561084
-106.831
-83.4326
-70.881960
-73.7697577
-81.688420
-158.032652
-83.141151
-83.162105
-72.521463
-77.518506
-90.987401
-76.8844
-92.9022
-99.9987
-71.145873
-105.590965
-117.109
-77.1945247
-88.4132653
-77.6961
-102.459
-90.5628
-91.105
-98.8586
-85.0649
-85.0164
-93.1487948
-92.451427
-92.635542
-74.4518188
-81.866097
-86.448237
-91.111600
-74.103
-81.9573
-92.088776
-73.684314
-70.773271
-73.685285
-85.6823
-83.9492
-95.8024
-70.448134
-121.5
-121.5023
-121.494
-121.418
-121.379
-121.502
-121.488
-121.498
-121.498
-82.6912
-109.720004
-72.2913373
-86.9136
-73.8336
-98.498783
-110.976
-85.6230386
-95.9194
-96.809345
-101.626539
-101.941
-101.627
-78.041832
-90.902601
-75.4680510
-73.326
-80.5548
-80.058606
-91.5362647
-70.894653
-72.2597
-71.2291095
-123.0299990
-123.028992
-123.010552
-123.033914
-123.036886
-97.596
-121.647188
-83.782090
-83.774869
-83.782090
-75.5954
-80.472697
-122.383594
-122.657332
-122.6485540
-114.575
-124.101
-85.1533000
-85.3014
-111.9012
-157.904131
-85.2972
-81.6606
-76.6336
-122.0355952
-78.3218
-98.6132820
-98.550282
-98.4947323
-98.4928
-117.305
-122.4188443
-122.259
-72.7301
-117.143
-116.733
-119.601
-117.1675579
-119.601
-117.187
-117.804190
-122.4085979
-122.419
-122.402784
-122.427
-122.4327477
-118.106540
-122.671
-116.959

-121.885
-121.779
-123.067
-123.0162150
-122.125166
-122.127
-120.670780
-117.190931
-97.937531
-97.940672
-122.309607
-122.303
-120.697
-122.3411614
-122.5294769
-121.961
-71.6045721
-96.1086440
-80.875834
-79.468467
-79.464819
-82.7084701
-71.438706
-70.493
-73.2724625
-70.1528
-84.3838
-84.3706
-81.267
-70.774653
-70.774637
-74.185102
-119.557378
-82.073654
-90.0213880
-71.425598
-122.7144314
-119.695
-119.697
-119.872
-119.747
-121.9464195
-121.9328811
-119.050939
-122.0270374
-110.985706
-106.0157102
-105.9490908
-118.081
-118.4976309
-118.4833330
-118.4681932
-119.106
-122.700553
-122.7134791
-87.1835590
-122.607
-121.8010961
-116.999234
-97.881936
-85.621764
-92.004253
-73.733963
-74.124118
-74.131251
-82.540609
-122.011452
-73.781149
-73.790038
-111.909442
-79.571
-97.8185
-81.9663
-77.0583
-116.963516
-109.677372
-123.999
-120.345
-88.8974
-76.673
-89.1388
-75.3416470
-76.8228
-86.2014418
-73.9489637
-73.949866
-73.949428
-73.9550299
-71.016355
-89.7195
-90.0024
-89.729784
-122.481
-81.232
-73.899107
-81.4754612
-87.3681
-85.9221
-92.807250
-122.8768
-70.3393
-73.7966
-73.905169
-73.6166
-73.8771901
-73.9397922
-73.924730
-90.3153033
-81.708060
-111.958
-74.5036964
-85.6371431
-71.281882
-92.605401
-73.7606489
-78.7014
-76.8452
-92.5
-96.9639
-75.18114
-70.7863
-74.397557
-92.1703
-72.0825
-85.7713180
-84.559
-84.5328257
-79.586785
-122.028204
-103.663
-86.0641
-78.4953
-78.4956
-77.7554810
-86.2794785
-75.6633
-117.0955070
-73.973914
-70.9189608
-71.0003126
-70.8601023
-73.494415
-91.6124
-87.6082
-123.920084
-86.137203
-74.0776
-122.330361
-122.842
-134.583143
-122.395785
-93.251076
-111.791
-122.2389
-97.987168
-87.7648
-98.4897756
-98.1963
-119.612
-87.039345
-82.4552888
-82.4754093
-82.3472119
-76.800356
-96.0707
-82.9515
-123.1023323
-84.755446
-89.054
-89.9094
-93.091
-93.0969
-76.5281
-96.234365
-97.0925
-93.2356
-93.2359
-85.1459572
-85.8914498
-73.0757
-88.3303
-83.7509235
-97.808943
-97.7472723
-80.587
-77.198
-78.386035
-80.9925
-91.3576350
-75.1785927
-74.617252
-122.288172
-121.663545
-122.354616
-122.381055
-122.377865
-77.0252881
-88.60757
-96.9222
-94.7152040
-80.2558
-87.71326
-73.353839
-72.7372
-73.210001
-92.037706
-85.2371
-95.338551
-85.7771313
-85.3445
-82.6584510
-111.856
-83.035823
-95.85
-91.8707
-124.067
-80.7189462
-73.1728
-123.102214
-73.1226
-86.248443
-76.2027
-95.3714
-78.6228306
-77.806025
-77.8067
-75.4974880
-85.073542
-112.1969372
-106.955193
-98.966578
-120.731598
-120.731671
-122.839625
-110.604
-75.9538
-73.358753
-84.235026
-108.7089497
-119.749319
-87.576
-75.596859
-75.692582
-93.1308
-87.890488
-77.224660
-110.030948
-93.744428
-71.7223045
-81.8588
-95.7503
-76.172304
-78.0158
-74.966439
-107.248675
-118.053
-119.025728
-110.266951
-93.083
-85.322198
-78.3512
-123.917872
-94.541989
-108.275568
-95.6372
-118.277386
-95.859428
-119.2676691
-116.120504
-122.687544
-106.074352
-122.784
-122.762
-118.718091
-91.773553
-83.4665588
-82.2582
-72.81
-96.408445
-81.0001
-135.340965
-116.555
-76.43034
-90.575034
-75.4045
-69.718514
-86.427999
-122.244
-75.0731
-71.344574
-95.7567
-107.750939
-80.0304479
-86.065699
-90.4738729
-77.5944539
-77.4237072
-77.0770722
-77.30214
-77.3387970
-77.1775352
-77.2346700
-98.7854843
-85.9461859
-85.9491
-76.631282
-78.345212
-86.5236
-75.6050832
-84.515507
-84.0160570
-122.0917196
-75.394638
-106.892709
-106.893070
-73.9359467
-111.605
-77.065859
-86.439314
-120.803523
-117.269204
-151.058
-121.33
-85.611628
-91.836
-91.8224113
-120.14
-72.4442
-79.0758065
-84.5215
-121.842
-72.490167
-71.1254072
-71.0870489
-71.091936
-71.1306337
-71.1231062
-110.656
-122.475
-120.3816619
-90.201066
-149.865468
-149.860532
-97.7579
-86.2342181
-122.2719224
-93.571389
-71.046817
-73.9141
-73.924684
-73.178481
-81.064382
-87.5591
-85.9175928
-79.0496019
-78.896556
-85.6591793
-85.6394126
-80.0498
-106.6429513
-118.184745
-73.6337
-72.575386
-87.6438378
-90.2844
-86.2722896
-78.1301422
-87.6069894
-97.941149
-111.936023
-99.085916
-71.497038
-155.88
-119.979964
-84.5630870
-83.651609
-89.3940207
-89.379230
-97.813151
-90.03382
-85.272441
-87.8626880
-93.2635
-97.172023
-118.1572818
-104.980470
-117.39
-117.389817
-85.784554
-77.5014
-106.9602779
-122.427016
-87.5763
-87.882514
-79.9805
-85.1297412
-75.6668643
-96.414843
-94.854101
-78.5096105
-75.1672
-80.3409
-122.4887657
-98.328935
-98.490125
-98.5064
-98.3988
-98.5292
-74.196
-92.324849
-123.0609659
-106.683930
-89.8701
-77.6024330
-122.474481
-72.5519436
-90.0225
-73.2261
-89.0017
-112.453
-77.7892
-90.5294
-78.041832
-79.065900
-72.8945
-104.77
-82.997
-86.1152396
-87.6649
-78.0178
-92.4668
-89.3946
-77.6294
-80.324075
-77.018177
-89.4724
-85.868753
-68.3214
-105.092671
-93.260549
-80.772739
-71.0658051
-83.2257200
-73.7904427
-111.652
-104.831846
-119.753
-90.811559
-74.6307161
-90.811580
-103.8602267
-85.666489
-74.359031
-86.2414430
-149.905042
-123.153402
-81.350241
-95.1457676
-120.859
-84.3540645
-73.7041
-117.412703
-91.887245
-77.6631
-77.561255
-77.4959006
-83.89486
-121.516
-111.495
-102.908
-94.8253440
-86.194304
-91.528709
-74.043420
-94.126811
-72.606701
-72.481644
-85.26684
-74.3145508
-83.810796
-83.552387
-85.2538
-72.5652
-80.9214
-75.291
-78.6797
-91.442835
-94.3482739
-85.196537
-94.365608
-89.951862
-85.173264
-81.279239
-122.465451
-92.0724
-85.701673
-87.8742860
-92.9204
-116.895
-81.26704
-90.006030
-88.30978
-92.0649430
-76.924
-84.147648
-90.481324
-86.2727405
-90.987401
-82.890901
-94.1652
-94.217
-92.644530
-74.7414
-85.6233
-91.379436
-74.0779055
-91.611405
-97.1459
-81.812604
-73.898807
-84.5591
-122.7544853
-86.4835
-94.317981
-76.1484
-90.244813
-84.608441
-93.0877
-75.367273
-116.567
-77.5621880
-73.9868166
-87.50396
-81.2039
-85.6454
-93.294718
-83.953592
-93.085509
-96.7021989
-74.1883
-93.958
-82.631968
-86.896989
-77.6460641
-79.9624
-98.7616
-86.1589
-72.2842559
-73.5377
-73.5483
-73.5351
-73.5452
-122.171
-110.349
-90.9366
-80.197218
-76.9752
-104.899743
-111.004
-81.351516
-88.814166
-76.622697
-93.164577
-77.8564
-78.6627384
-82.1388
-86.1653813
-74.013648
-74.162908
-80.93
-80.9019
-83.6024
-79.073882
-122.798
-72.579662
-77.477569
-90.0453
-89.6587
-122.5984882
-89.631011
-87.6195
-71.762
-84.9984478

-89.585824
-93.278
-121.883208
-92.8079
-97.050841
-97.0578150
-97.072728
-83.6719
-121.287689
-90.0113230
-90.006781
-121.289
-73.82896
-89.1423
-92.1176521
-92.1176521
-71.5615
-74.758
-76.0858
-84.170625
-121.3184910
-71.100163
-86.394250
-122.478978
-71.908321
-71.898783
-73.984589
-95.1953
-72.241970
-72.195669
-89.2358
-71.1019731
-81.4518980
-72.711360
-76.1915745
-90.078915
-73.1353
-91.5135
-88.833637
-76.773
-97.5121
-81.828
-75.2406
-80.26824
-94.3174
-80.25495
-79.023
-118.393
-87.375201
-103.5155220
-73.977814
-74.1495889
-72.6501
-76.581850
-88.4541
-111.8590800
-74.2877
-90.8002
-89.5955
-84.1099836677313
-76.9301910400391
-91.168592
-93.376929
-76.5271230
-80.8878
-95.2034
-80.8502
-80.1771200
-74.35873
-74.5882017
-81.5420419
-80.3293
-82.0547
-80.3730000
-97.685750
-112.273728
-112.360606
-89.2050910
-89.210368
-111.809769
-120.996
-76.7911
-76.7905
-79.9935
-77.501406
-122.531204
-77.308482
-116.778
-104.981878
-73.9203
-73.7264
-82.684
-106.557437
-80.122172
-111.612866
-73.921230
-111.910205
-122.0072376
-67.277359
-92.7765869
-121.267404
-121.2694
-80.2854382
-74.0183554
-84.2317966
-92.1039
-92.1054505
-89.32159
-122.584276
-78.9743641
-82.024341
-120.171644
-76.8349
-74.716408
-88.537268
-70.0983564
-70.135363
-71.43869
-101.131
-123.315289
-121.771134
-97.8595
-81.1075
-85.646185
-84.063074
-82.9433
-81.7948103
-83.444036
-70.9204450
-89.9848
-71.2342916
-83.8825344
-69.0021
-90.0937913
-75.349001
-94.3073
-85.2545
-84.367314
-122.7296064
-95.7542
-86.2060290
-82.560612
-84.958918
-84.8522
-84.4296899
-92.4618
-77.4597180
-86.251829
-75.728618
-85.7502941
-76.1193
-112.063
-96.179529
-122.488751
-122.485
-122.103
-122.441
-94.971689
-120.141130
-77.0124576
-122.789340
-95.0456985
-150.118158
-85.7761
-84.2543
-85.894695
-81.4688767
-81.414936
-91.1854
-122.524
-71.263126
-71.262652
-147.7811
-77.1744
-73.305557
-80.4131280
-105.574539
-105.574
-76.8591301
-73.9291
-118.549
-77.5375
-79.7524571
-114.081
-82.7548
-73.858510
-73.8591815
-73.919869
-74.245563
-79.4981090
-79.6808960
-89.954456
-71.093555
-97.4098
-80.0191
-89.5884
-91.1223
-78.0427390
-82.011888
-82.284833
-85.3433795
-89.295266
-81.484880
-95.9366
-82.3999255
-72.023787
-74.022
-91.8183494
-83.945712
-83.9451
-118.447
-86.7376
-107.8130860
-122.2603683
-111.943308
-111.944
-118.0578630
-82.3941250
-120.707
-120.707
-122.8527098
-77.0792
-80.5429
-80.9501
-85.8654557
-111.1110771
-71.2342732
-94.045817
-97.806404
-97.806344
-97.7072901
-85.687996
-83.184556
-89.385160
-74.133826
-83.403188
-76.4668
-112.096154
-70.391653
-118.143269
-77.6469
-70.119613
-78.8373
-84.0207920
-80.998895
-77.482639
-93.1076765
-79.029335
-97.6325
-87.0208306
-87.361048
-81.651660
-81.578199
-74.1708
-94.509728
-85.007583
-79.828313
-77.4243
-84.1347550
-121.187071
-80.849437
-92.4590230
-84.6013
-73.0918809
-97.1267979
-82.515694
-80.888310
-80.888234
-118.7885216
-84.1922356
-74.9896
-72.279211
-71.082434
-77.5221
-85.377
-71.3704555555556
-95.7194
-95.03278
-82.3640843
-73.2822
-108.559
-87.5519
-76.907896
-76.947513
-82.057773
-70.487202
-80.8012245
-117.7490656
-117.213
-110.9756400
-72.711642
-101.917533
-92.1175339
-75.056961
-84.4111
-122.365
-102.133327
-83.2681730
-81.7984
-92.0441339
-94.6787
-71.097186
-84.1568
-115.190284
-83.224575
-84.38926
-85.1863
-80.3324
-80.758841
-86.5832260
-72.6039289
-87.579575
-89.802863
-84.3256410
-119.770460
-73.909616
-84.1179
-93.876145
-117.532318
-78.5425
-85.16991
-96.6129760
-82.8424617
-91.496115
-81.6596
-86.720388
-88.243298
-89.9573111
-80.465764
-84.526223
-84.498121
-84.5040090
-75.9740196
-98.6045866
-79.0468
-89.382937
-104.61
-77.6959
-80.7197
-90.819785
-87.309144
-81.7917
-85.4903
-86.478038
-84.2358568
-73.846900
-87.001579
-86.230806
-81.255064
-86.791298
-83.499763
-104.861
-88.960382
-84.1913141
-119.274
-132.955913
-90.307147
-84.603941
-89.58246
-76.9598560
-71.160158
-76.6790509
-78.826
-156.472
-82.3205
-78.6125090
-106.4315
-73.207695
-73.181
-117.699022
-73.882316
-70.865683
-79.9853
-73.8392
-71.149328
-83.487333
-83.457597
-119.2807010
-81.8335
-83.3573
-78.6661
-73.6283
-75.749976
-72.3033449
-104.992
-85.702387
-83.0801
-96.8477
-85.6333
-81.3462829
-105.006
-80.3487
-89.2393345
-80.1513358
-122.630985
-96.722973
-81.5501
-74.266486
-84.2304
-119.818887
-76.108184
-80.5351
-71.094872
-155.911300
-77.4765723
-122.488963
-80.1226
-90.315
-74.7515
-74.1924
-75.6638
-104.9580770
-85.6448
-119.827861
-91.292967
-82.0037608
-76.091095
-79.403628
-118.249691
-75.1386
-84.343912
-82.896739
-72.8064866
-82.479326
-77.035997
-70.4947
-121.7737712
-121.793045
-75.9782
-71.716690
-78.1728
-108.2102088
-90.8244119
-96.184402
-87.978892
-93.261
-81.802901
-101.044393
-87.6255
-73.1035
-80.0811
-83.9714
-115.343032
-86.9064510
-75.5129
-77.9303
-90.798290
-118.883760
-111.551163
-86.614993
-85.6358056
-73.825483
-77.4105309
-104.145
-122.533581
-122.534505
-122.795
-122.456280
-73.435385
-106.552
-122.792539
-122.767590
-123.8420719
-71.562689
-71.575807
-83.7243
-87.7833
-102.929
-82.4816
-79.4564
-84.1712
-86.0401
-91.1284
-104.992
-70.6142
-88.202549
-79.671438
-76.8763

-98.488822
-87.1519249
-83.542051
-123.937310
-72.3695
-118.549
-90.504
-89.730749
-89.7285
-95.6095
-73.9835350
-74.1975
-119.436
-118.605
-70.9453
-118.3284440
-104.184394
-73.1154
-104.223495
-88.008570
-119.799153
-90.2592
-89.4833
-82.9813627
-121.065914
-73.3993
-79.7829
-86.44318
-82.5791
-93.974454
-78.92836
-77.208856
-80.736628
-81.2351235
-82.1238
-108.289
-78.774631
-82.350705
-76.793868
-97.0305
-83.771331
-72.711717
-76.603874
-121.456
-121.419
-82.7319
-166.54
-82.4436657
-82.4444
-85.1923350
-81.690903
-85.509544
-75.256605
-93.5133
-81.8651

-78.032
-98.4938
-83.5532
-70.7764
-74.0109940
-77.4082803
-112.3357185
-124.141
-104.5047614
-89.2038
-81.0314
-90.517945
-87.6358799
-92.2582
-94.5679
-115.587957
-122.385279
-80.8873
-79.87611
-116.769
-73.6924962
-120.222507
-121.11
-76.666375
-73.2099
-70.0490107
-86.6077
-86.5708
-82.238629
-75.596967
-75.3151488
-122.760415
-111.055
-84.214282
-73.9815730
-74.3382
-103.708
-73.836047
-86.537529
-76.5724790
-122.875078
-106.0109
-86.2108
-92.328323
-96.576
-120.688492
-122.907776
-120.237
-88.7043695
-74.4384780
-90.873029
-120.848
-120.846
-92.153707
-87.591044
-87.562871
-81.47244
-117.823466
-151.266203
-97.8147
-74.1844974
-120.232
-112.187018
-112.3310399
-93.344065
-89.697172
-89.6920681
-114.467
-96.611353
-81.441
-89.5047272
-87.568588
-80.904662
-95.3235
-90.141028
-71.4004
-71.4232491
-79.6604
-78.2383
-86.8035
-121.7499278
-91.254
-81.1975
-117.236148
-77.064887
-83.347971
-123.2081
-80.1361
-119.348
-123.3325500
-75.315598
-155.831
-122.0782062
-81.614994
-83.952563
-82.3395574
-83.3669
-80.5498097
-83.296015
-83.798171
-93.0636
-69.274725
-92.4076
-70.945227
-71.094690
-73.990409
-82.3234669
-74.310292
-87.5299
-81.0062
-74.5873
-87.8294
-69.0042328
-69.335770
-92.4038187
-78.823393
-122.313033
-76.622772
-93.2338903
-93.184859
-122.452
-75.194895
-104.817274
-83.0639
-80.184059
-122.4533286
-75.371996
-91.2154
-72.9093
-76.1262
-73.782912
-104.624
-93.608108
-87.659
-84.993217
-97.1145
-97.5210505
-112.071020
-78.8136755
-82.1638058
-79.8745407
-88.9844
-77.3730271
-80.0765
-82.9321714
-118.036
-75.5425820
-86.790909
-86.730085
-83.422333
-86.2627010
-122.6714
-100.784
-95.423968
-72.7754400
-73.9366943

-85.658736
-122.324
-91.8829631
-77.354415
-88.2054
-76.5772
-94.509932
-71.5143
-76.909791
-77.028494
-77.0156980
-83.9384194
-117.222193
-75.22513
-81.524422
-111.840755
-122.139744
-122.503942
-122.5030878
-121.9877444
-89.753
-95.1998
-106.373534
-120.469
-83.2644
-117.24
-122.0158532
-81.781
-122.2566420
-117.024
-98.0134
-119.0249978
-119.2717761
-106.161
-106.481
-106.324
-106.363
-106.433
-93.708959
-122.457808
-86.733778
-95.1205
-76.8238
-87.062272
-94.344100
-93.9544
-74.047304
-84.5807
-78.4244013
-122.676050
-84.1977263
-89.0103
-120.468728
-79.5621
-82.419763
-122.460747
-122.460661
-83.5804
-81.995824
-123.35
-118.465792
-82.446599
-74.482241
-119.295915
-80.3956069
-80.3956069
-111.852131
-98.0098
-73.2451280
-96.934150
-96.9346099
-72.980071
-72.985592
-84.0308
-99.284217
-93.2631
-123.192809
-89.5339
-112.514122
-92.841027
-76.0464
-88.1573
-90.881717
-85.528345
-77.4085910
-111.111
-82.4671
-159.355
-77.2628865
-80.729013
-87.9789622
-77.525218
-93.219144
-76.690811
-155.992
-75.5407000
-84.564946
-87.2295
-81.6546180
-76.6998074
-87.9785608
-81.866
-85.670669
-76.6444
-87.829
-73.1043
-73.905861
-87.845478
-87.998233
-85.4976
-83.4582
-87.680377
-87.756755
-92.5289
-87.6156943
-73.8268
-89.55329
-96.1849402
-92.271516
-122.795
-92.207414
-87.531359
-85.981328
-119.7910413
-121.271
-121.05
-79.8988910
-92.0216
-76.1956
-119.6499793
-92.4008
-92.536824
-77.4335510
-81.0867
-90.8864999
-90.8893274
-75.1077
-119.291180
-119.314054
-119.335663
-117.255810
-87.9695
-104.983
-155.2492898
-84.0296
-76.3584050
-88.3107
-76.8075
-71.865502
-75.002718
-73.930027
-73.975518
-117.93
-117.926
-118.352
-85.824321
-92.032633
-97.132941
-84.704
-95.137460
-87.7880512
-81.729260
-74.490707
-158.023438
-96.6226240
-158.126
-158.183774
-157.952789
-157.971725
-157.821
-155.788
-159.369
-157.694482
-155.668368
-155.662961
-155.669737
-157.999181
-72.838468
-78.5087607
-71.079174
-71.0369
-77.2252242
-78.587915
-74.1768326
-87.9449
-94.5933606
-82.167013
-76.931468
-94.092
-84.550095
-97.9146
-83.07
-87.266542
-93.2856
-87.923223
-77.3721
-80.7646
-72.8233
-122.333175
-73.198299
-75.480169
-117.230226
-117.230191
-122.0635523
-90.9591
-96.9979989
-72.428076
-72.428613
-71.244383
-104.7808998
-80.6644
-71.2363048
-86.2042
-81.402262
-75.1317950
-88.5412
-84.193602
-92.425855
-76.997391
-72.25011
-74.1974
-71.8160538
-91.029912
-91.1499999
-79.1454
-85.7724
-78.154571
-84.2526
-80.818098
-96.7720277
-89.988
-80.8198
-93.740415
-73.7786
-77.793458
-77.818482
-88.20242
-87.2755159
-93.3682291
-76.758
-78.1290782
-90.384723
-74.3591410
-111.8625
-119.334
-107.957132
-90.900932
-74.978431
-76.7449
-88.2596
-86.0895899
-77.7298
-73.3205
-97.0541
-72.4219
-82.7407
-91.691948
-89.4062
-81.03
-76.8546080
-149.440155
-81.669862
-116.432134
-89.6307
-73.0376
-73.0433
-73.0279
-73.0835
-72.7578619
-72.7538300
-86.169608
-72.13149
-73.679
-81.2044
-122.581787
-88.984601
-91.3678902
-75.911156
-93.8434980
-97.0887
-88.711438
-88.726491
-71.164724
-73.117512
-75.8949
-75.8591
-75.9108
-75.9113
-75.9108
-75.9087
-75.909712
-75.383782
-73.698
-103.296525
-76.8695
-94.6292
-87.7344139
-88.8388
-121.771
-118.252392
-88.141172
-93.8855918
-87.8558
-88.231287
-89.4528
-89.0848662
-88.722663
-89.631525
-87.9523
-92.4714
-76.540398
-78.777301
-80.744577
-82.3818511
-71.369613
-81.942
-88.3652
-75.251361
-81.8821369
-111.420890
-82.449667
-82.4527
-84.8568
-77.9823
-83.382219
-97.019409
-70.068560
-83.0689052
-78.8992
-80.186112
-82.9868
-71.7382008
-71.7286
-71.7294144
-71.7304931
-98.7092
-71.3752590
-123.184
-82.56912
-94.462007
-121.308547973633
-93.81654
-89.2656
-90.338837
-80.414772
-77.452948
-73.3694
-80.321755
-122.569
-122.392
-76.562683
-71.761919
-93.109643
-73.9258860
-84.1918
-80.5877512
-80.5470929
-116.971130
-95.846636
-95.846535
-117.142839
-71.303329
-70.027995
-97.398
-105.0050181
-82.2179354
-80.2374
-118.334753
-77.5494010
-77.044083
-70.583
-122.836
-84.664
-77.94747
-92.8227
-120.3078625
-72.4045
-78.3713
-70.8611
-90.8536
-84.802843
-81.01
-91.979567
-98.5714
-73.999871
-87.9937600
-117.998416
-82.5937
-79.987776
-83.3736
-77.538264
-84.2385
-83.396828
-93.293109
-72.13915
-74.939033
-84.2397990
-75.6071924
-122.402383
-117.921509
-92.156507
-84.159
-80.0553
-78.929000
-77.638
-77.116073
-122.721238
-79.958472
-87.6994
-114.760161
-94.2147
-88.9166
-77.4377142
-93.7793
-72.7396
-72.752
-72.9498
-118.384
-79.918172
-86.8302
-83.2701
-111.939
-159.435
-118.450674
-86.915836
-122.655707
-118.216
-96.7511
-74.370660
-121.012
-92.1445
-70.9445
-75.151649
-122.9254883
-74.2394
-81.1722
-80.0635
-82.942236
-91.8524616
-88.658227
-96.6713
-73.96631
-87.8182
-75.1372
-79.9755700
-121.523316
-91.0799
-122.386783
-76.9036
-73.368445
-70.676
-70.6036
-88.8207614
-87.684396
-91.8194
-121.459371
-71.514874
-74.630996
-71.615534
-70.3561
-112.2655960
-95.560152
-73.7788576
-118.394
-118.394
-105.466481
-105.4670275
-103.643
-70.5508829
-78.7322
-87.900894
-75.6140416
-78.854359
-76.5278
-79.578117
-86.1281489
-74.34713
-72.7516316
-73.0103
-83.623510
-72.643275
-79.7624
-83.402194
-71.906161
-75.0547
-87.9754020
-72.054720
-75.399367
-104.205
-73.3736
-94.853048
-88.179523
-77.141807
-92.345477
-87.915307
-92.000164
-71.104717
-73.373
-73.3583
-85.5719634
-122.057
-89.457484
-83.7816
-84.559858
-77.63633

-75.576689
-86.1037
-90.1458348
-71.224529
-118.445
-72.6597409
-86.2328
-80.858361
-70.938824
-96.1012
-104.9532569
-77.050328
-88.1066285
-80.682717
-80.6533810
-96.697755
-81.183629
-85.4723
-83.761911
-95.9686
-81.6846931
-86.6525697
-84.8660495
-73.7677
-96.7112
-121.4840161
-86.7169
-71.5778
-114.3367120
-112.098480
-73.4075
-73.8061
-121.6079540
-83.8041040
-75.291152
-82.825485
-86.337791
-88.731892
-88.7596860
-83.7638
-75.9727
-94.422
-118.044332
-118.038187
-71.4561
-73.894834
-80.0088
-122.766
-101.3583497
-87.6774
-97.4147
-72.4613702
-95.3135
-101.996150
-124.0847601
-90.6233
-82.040785
-81.145200
-75.8818
-79.8954
-122.657047
-84.551292
-73.866440
-79.8186
-92.0092
-76.706674
-73.959382
-82.2767620
-77.0491
-76.8829
-84.283149
-73.204879
-73.3579
-87.6366
-73.0756
-123.359
-95.048702
-95.0214
-72.0524
-81.395222
-81.4059
-123.628
-150.037717
-121.9004523
-91.9623
-78.021331
-73.394233
-87.7092596
-118.263
-72.9633
-75.547
-71.1675090
-80.9652990
-71.9014
-118.307
-93.6419
-72.7318
-77.930705
-77.9082520
-93.3683
-73.4246
-98.1953
-84.174459
-71.144062
-71.1377041
-84.982160
-78.1711492
-86.4674960
-108.882077
-108.777196
-108.484769
-122.528
-81.5355030
-83.141
-122.813734
-76.6313
-72.388070
-104.903830
-72.6441
-73.976263
-92.212673
-87.382092
-88.151464
-100.28
-122.937907
-92.6406986
-117.721
-91.788765
-95.2902224
-91.6373482
-73.185351
-94.047498
-89.0532087
-80.2545
-89.4386
-89.0213
-89.4983
-89.4922
-89.4352
-89.3868
-87.9088
-87.8797
-89.5332
-75.8532
-71.8692280
-73.367651
-84.251074
-81.588239
-81.7246
-85.5569136
-106.3234205
-111.9046663
-105.7864768
-74.0810590
-74.0856
-74.0999
-89.187966
-81.3258422
-74.7779066
-70.9850730
-85.374928
-83.533784
-89.7628883
-82.5782570
-96.903
-76.8125
-83.5321
-82.598085
-71.159960
-71.159933
-76.815495
-105.647
-97.6936314
-83.5151006
-71.202157
-102.009305
-102.0163305
-89.832207
-87.9788
-74.8136
-74.276
-122.859
-92.9461
-73.21
-84.682324
-84.730001
-84.730569
-122.161499
-119.098
-118.605
-105.054216
-105.0515360
-122.656968
-85.9675309
-77.4952
-74.117834
-122.6149508
-78.5374805
-72.5168
-88.447680
-88.431577
-99.3957807
-71.505775
-81.9399841
-71.7757
-71.8105944444444
-71.7593
-107.957175
-94.4157499
-83.018120
-122.384215
-75.0001680
-77.806579
-117.6340491
-80.299791
-83.1500042
-73.9206
-96.670892
-84.465898
-76.0246
-92.999283
-81.0833677
-83.9137
-76.135361
-124.1044104
-80.6585265
-120.502725
-73.6159760
-82.300004
-122.226
-74.840340
-104.005
-77.053889
-90.4119
-82.4378355
-113.069
-80.16846
-83.8898
-83.899
-83.8913500
-108.506583
-92.681719
-122.5598900
-80.9565
-122.404883
-103.224
-85.136171
-85.680506

-82.5530331
-76.1356421
-82.3617
-117.042
-81.027
-97.595572
-70.6585
-70.658729
-73.807848
-85.4933726
-76.508206
-92.0276
-122.363
-97.6780832
-80.2092813
-80.2353901
-122.6401341
-121.613835
-121.616935
-117.039
-103.328
-82.023
-86.0165
-75.6184
-106.5468395
-93.583808
-113.004938
-86.2612
-94.5808637
